1.827770769596099854e-01	-5.577575415372848511e-02	-5.625652149319648743e-03
-8.267273753881454468e-02	-1.202214658260345459e-01	-9.947434067726135254e-02
-2.137177065014839172e-02	8.864016830921173096e-02	3.968300670385360718e-02
2.879486083984375000e-01	-9.865004569292068481e-02	-2.643961012363433838e-01
-2.224018424749374390e-01	-5.969152972102165222e-02	5.579660460352897644e-02
8.938752114772796631e-02	-1.136374175548553467e-01	-1.429221332073211670e-01
1.812386326491832733e-02	-7.413312792778015137e-02	8.291249722242355347e-02
2.326772361993789673e-01	-2.041248045861721039e-02	-1.448808908462524414e-01
7.266750186681747437e-02	2.870972268283367157e-02	-6.554049253463745117e-02
-6.967789679765701294e-02	1.182337105274200439e-02	1.456342339515686035e-01
-6.921008229255676270e-02	-2.271730045322328806e-04	-4.244434460997581482e-02
3.227956593036651611e-02	-1.119047701358795166e-01	-3.404101729393005371e-02
7.422688603401184082e-02	1.181470695883035660e-02	-1.896498203277587891e-01
1.629382967948913574e-01	-3.089498355984687805e-02	-2.475028187036514282e-01
7.431352138519287109e-02	1.591241173446178436e-02	4.747991263866424561e-02
-5.887832865118980408e-02	4.636364057660102844e-02	2.558303773403167725e-01
-9.667756967246532440e-03	-7.785831391811370850e-02	-1.779024899005889893e-01
-1.376495361328125000e-01	-7.560586929321289062e-02	-1.004389300942420959e-02
5.984593927860260010e-02	-7.240048050880432129e-02	-2.507948577404022217e-01
2.969583570957183838e-01	-9.336546808481216431e-02	-1.657739728689193726e-01
1.473444849252700806e-01	-4.213984683156013489e-02	-1.002713516354560852e-01
-8.659238228574395180e-04	9.314504265785217285e-02	-6.697858870029449463e-02
-6.209758296608924866e-02	-2.567105740308761597e-02	5.839556083083152771e-02
-2.132845483720302582e-02	8.850155025720596313e-02	1.419090181589126587e-01
-4.642147943377494812e-02	-1.028083860874176025e-01	5.116745363920927048e-03
-2.259328588843345642e-02	-6.598970293998718262e-02	1.603617072105407715e-01
6.452407687902450562e-02	-3.732309117913246155e-02	-1.201187968254089355e-01
4.667784273624420166e-02	7.537677139043807983e-02	-1.446790248155593872e-01
1.018625721335411072e-01	-6.988813728094100952e-02	-1.359581016004085541e-02
-4.721058532595634460e-03	-8.444235473871231079e-02	-9.955231100320816040e-02
4.893027991056442261e-02	7.413792610168457031e-02	9.521427750587463379e-02
6.963537633419036865e-02	-1.898304745554924011e-02	1.170455813407897949e-01
1.132113859057426453e-01	-5.540323257446289062e-02	-1.894419044256210327e-01
2.779859006404876709e-01	-3.422166034579277039e-02	-2.221888899803161621e-01
5.248220264911651611e-02	7.009220868349075317e-02	-2.940046135336160660e-03
-6.900216639041900635e-02	2.380807325243949890e-02	-1.160384118556976318e-01
-6.150848418474197388e-02	-2.022188901901245117e-02	2.105217427015304565e-01
-6.151714548468589783e-02	4.904057458043098450e-02	8.429861068725585938e-02
6.677651405334472656e-02	4.778440669178962708e-02	-2.550398409366607666e-01
-6.528564542531967163e-02	4.010013118386268616e-02	1.481956429779529572e-02
-7.899952679872512817e-02	-6.365063041448593140e-02	-6.308880448341369629e-02
2.067741900682449341e-01	-3.363256156444549561e-02	-7.345867902040481567e-02
1.078401878476142883e-01	-3.927231580018997192e-02	-2.818091809749603271e-01
7.110812515020370483e-02	-1.237301062792539597e-02	-1.376907713711261749e-02
4.165317118167877197e-02	-7.872463762760162354e-02	2.123034186661243439e-02
2.784190475940704346e-01	-6.971488147974014282e-02	-1.065002158284187317e-01
1.823439002037048340e-01	-2.533319033682346344e-02	-1.836288869380950928e-01
-5.448174104094505310e-02	6.176684796810150146e-02	-5.879184231162071228e-02
-4.336769133806228638e-02	7.446713000535964966e-02	1.988264173269271851e-01
1.106124296784400940e-01	-1.068801060318946838e-01	-8.532729744911193848e-02
1.113264262676239014e-02	9.228738397359848022e-02	-1.937388628721237183e-01
2.929732501506805420e-01	-2.649406343698501587e-02	-1.483868956565856934e-01
-5.045074597001075745e-02	-6.607632339000701904e-02	1.073427870869636536e-01
5.551433190703392029e-02	-8.409583568572998047e-02	-8.327411115169525146e-02
-3.554480150341987610e-02	-1.064469367265701294e-01	-5.354193225502967834e-02
2.506101131439208984e-01	-8.504877984523773193e-02	-2.102076560258865356e-01
-6.018994376063346863e-02	-4.134282469749450684e-02	2.517786109820008278e-03
1.469979584217071533e-01	-7.084109634160995483e-02	3.725730255246162415e-02
5.222230032086372375e-02	-7.811821252107620239e-02	-1.692046076059341431e-01
-5.388571321964263916e-02	-7.837809622287750244e-02	-1.336784660816192627e-01
1.528023183345794678e-01	-7.248710840940475464e-02	-5.026723444461822510e-02
-1.810782849788665771e-01	-5.463220551609992981e-02	1.819821260869503021e-02
4.893027991056442261e-02	7.414659112691879272e-02	-8.469488471746444702e-02
5.819992348551750183e-02	6.298836320638656616e-02	-1.991880238056182861e-01
-6.076344847679138184e-02	-3.292217478156089783e-02	-1.037799641489982605e-01
4.173980653285980225e-02	-6.148481369018554688e-02	1.350650787353515625e-01
-3.770194947719573975e-02	-7.699198275804519653e-02	5.155161768198013306e-02
3.100398182868957520e-01	-8.080380409955978394e-02	-2.162892371416091919e-01
-2.447320520877838135e-02	8.729736506938934326e-02	-1.385571062564849854e-02
-8.832511957734823227e-04	9.329231083393096924e-02	9.252867102622985840e-02
-3.892346099019050598e-02	7.801039516925811768e-02	-1.078776642680168152e-01
2.566743791103363037e-01	-5.586238950490951538e-02	-2.676881253719329834e-01
7.258088141679763794e-02	2.907790988683700562e-02	-1.394949555397033691e-01
6.625672429800033569e-02	-2.838264591991901398e-02	-2.223621308803558350e-01
2.552016079425811768e-01	-6.616295874118804932e-02	-1.523633152246475220e-01
6.365775316953659058e-02	-3.368454053997993469e-02	3.968300670385360718e-02
6.859579682350158691e-02	-2.165132388472557068e-02	-7.105896621942520142e-02
3.023504838347434998e-02	8.681222796440124512e-02	3.898994997143745422e-02
2.313777506351470947e-01	-3.305212408304214478e-02	-1.935655921697616577e-01
-6.647250801324844360e-02	2.958904020488262177e-02	2.072297483682632446e-01
2.247070670127868652e-01	-3.778224065899848938e-02	-2.615748904645442963e-02
2.429706510156393051e-04	-8.305624127388000488e-02	-8.657779544591903687e-03
1.907472312450408936e-01	-4.646279290318489075e-02	-1.240259110927581787e-01
1.202286034822463989e-01	-5.827943235635757446e-02	-1.407052129507064819e-01
2.649910449981689453e-01	-1.775287091732025146e-02	-1.079383045434951782e-01
7.249425351619720459e-02	2.925810590386390686e-02	1.225034072995185852e-01
1.088797822594642639e-01	-5.803685262799263000e-02	-6.522861868143081665e-02
-6.454927474260330200e-02	-2.006595209240913391e-02	1.089021638035774231e-01
-9.264410287141799927e-02	-7.014804333448410034e-02	-1.966006495058536530e-02
5.932614952325820923e-02	-5.325475707650184631e-02	8.871684223413467407e-02
3.182041645050048828e-02	-7.551924139261245728e-02	-2.099217623472213745e-01
-5.943450704216957092e-02	-3.146675229072570801e-02	1.549038738012313843e-01
-5.620572343468666077e-02	5.937579646706581116e-02	1.579359918832778931e-01
7.422688603401184082e-02	3.844542661681771278e-03	-2.632699012756347656e-01
-3.059810027480125427e-02	-5.799354240298271179e-02	2.100019752979278564e-01
6.149195134639739990e-02	5.840551480650901794e-02	5.432385578751564026e-02
1.178895309567451477e-01	-3.086899034678936005e-02	-2.266244441270828247e-01
3.010300397872924805e-01	-5.381787195801734924e-02	-2.663886547088623047e-01
2.770538628101348877e-02	-8.097707480192184448e-02	-1.323226839303970337e-01
-1.336384713649749756e-01	-5.348866805434226990e-02	-4.824870452284812927e-02
-6.860872730612754822e-03	-7.040794193744659424e-02	1.196445599198341370e-01
8.202379196882247925e-02	-7.716525346040725708e-02	-1.170520186424255371e-01
2.172775939106941223e-02	9.044211357831954956e-02	1.361046880483627319e-01
7.121570874005556107e-03	9.284183382987976074e-02	-1.446677744388580322e-01
6.573694199323654175e-02	-5.366192758083343506e-02	-4.244434460997581482e-02
7.050170004367828369e-02	-1.607220619916915894e-02	-1.569288372993469238e-01
-4.934791475534439087e-02	-8.400920033454895020e-02	-8.725919574499130249e-02
-6.967789679765701294e-02	1.591241173446178436e-02	5.570996925234794617e-02
7.266750186681747437e-02	2.858757227659225464e-02	-4.412793088704347610e-03
-6.021765992045402527e-02	-1.181856356561183929e-02	2.516720890998840332e-01
1.994104683399200439e-01	-2.882446907460689545e-02	-2.217643857002258301e-01
1.866098307073116302e-02	-1.168428137898445129e-01	-7.332006841897964478e-02
1.885157451033592224e-02	9.125645458698272705e-02	-3.014256805181503296e-02
1.422331929206848145e-01	-3.283553943037986755e-02	-1.655400693416595459e-01
-6.856034696102142334e-02	-4.099632147699594498e-03	1.889126934111118317e-02
1.464781761169433594e-01	-7.586577534675598145e-02	-5.712285637855529785e-03
6.582356244325637817e-02	-5.366192758083343506e-02	-1.553933019749820232e-03
1.568740308284759521e-01	-4.609027132391929626e-02	-2.100863605737686157e-01
3.009434342384338379e-01	-5.007535591721534729e-02	-1.804841309785842896e-01
2.328505069017410278e-01	-4.169802367687225342e-02	-1.034507527947425842e-01
-6.824847310781478882e-02	2.766320481896400452e-02	-7.514800876379013062e-02
5.239557102322578430e-02	-1.173626035451889038e-01	2.653487608768045902e-04
5.967267230153083801e-02	6.061464175581932068e-02	-4.512994363903999329e-02
-5.886986036784946918e-04	-8.045728504657745361e-02	3.101978078484535217e-02
-5.481787398457527161e-02	-7.881126552820205688e-02	-2.763023599982261658e-02
-3.678364306688308716e-02	7.969105988740921021e-02	8.022689074277877808e-02
1.883424445986747742e-02	9.125645458698272705e-02	-1.078690066933631897e-01
-5.620572343468666077e-02	5.937579646706581116e-02	4.747991263866424561e-02
2.342366129159927368e-01	-5.636485293507575989e-02	-5.860992148518562317e-02
-6.061096861958503723e-02	-3.726245090365409851e-02	-3.837262466549873352e-02
2.637782096862792969e-01	-2.865120954811573029e-02	-1.729211360216140747e-01
-6.493428372777998447e-04	-8.496214449405670166e-02	-4.660269245505332947e-02
7.656595855951309204e-02	-6.070513650774955750e-02	-1.977152824401855469e-01
7.431352138519287109e-02	7.725665345788002014e-03	8.429861068725585938e-02
3.550228476524353027e-02	8.431721478700637817e-02	-2.213398814201354980e-01
3.136485582217574120e-03	9.339626878499984741e-02	1.074784528464078903e-02
-6.283395737409591675e-02	4.616438597440719604e-02	-2.199913561344146729e-02
-6.412477046251296997e-02	4.335749894380569458e-02	1.211173012852668762e-01
6.677651405334472656e-02	4.778440669178962708e-02	-1.078603416681289673e-01
6.244491040706634521e-02	-6.902182847261428833e-02	5.527679994702339172e-02
8.860784769058227539e-02	-5.516067147254943848e-02	-2.344213426113128662e-01
1.181494295597076416e-01	-1.043677702546119690e-01	-1.219034194946289062e-01
7.405363023281097412e-02	1.181470695883035660e-02	-2.264512032270431519e-01
1.839032769203186035e-01	-5.399113148450851440e-02	-4.435025528073310852e-02
2.778126299381256104e-01	-1.034148111939430237e-01	-2.259314060211181641e-01
9.034048020839691162e-02	-6.191798299551010132e-02	-1.610871702432632446e-01
-1.831365376710891724e-02	-1.188353523612022400e-01	-1.021715998649597168e-02
1.416267603635787964e-01	-7.395985722541809082e-02	-8.510205149650573730e-02
2.543353140354156494e-01	-8.894722908735275269e-02	-2.550398409366607666e-01
8.375643938779830933e-02	-1.138973161578178406e-01	-1.067774370312690735e-01
5.222230032086372375e-02	-8.149686455726623535e-02	-2.615748904645442963e-02
7.388036698102951050e-02	6.733765530952950940e-06	-1.201361194252967834e-01
1.091396808624267578e-01	-6.408378481864929199e-02	-9.952631592750549316e-02
-5.897621810436248779e-02	5.457637459039688110e-02	-1.283090114593505859e-01
-1.685166060924530029e-01	-5.695395171642303467e-02	-1.385571062564849854e-02
-5.631921440362930298e-02	-7.283364981412887573e-02	2.287635579705238342e-02
2.580604851245880127e-01	-9.293231368064880371e-02	-1.775559633970260620e-01
-6.777199357748031616e-02	-7.764175068587064743e-03	1.783812046051025391e-01
1.710817217826843262e-01	-4.158539697527885437e-02	-7.575443387031555176e-02
5.187577381730079651e-02	-1.188353523612022400e-01	-6.721249967813491821e-02
2.918470501899719238e-01	-7.032130658626556396e-02	-1.416148543357849121e-01
-1.554142124950885773e-02	-7.482618093490600586e-02	8.204615861177444458e-02
1.331368088722229004e-01	-2.787151746451854706e-02	-2.623169422149658203e-01
-3.797917068004608154e-02	7.724802941083908081e-02	2.318332642316818237e-01
1.510696858167648315e-01	-3.616221994161605835e-02	-1.328918486833572388e-01
-6.967789679765701294e-02	1.591241173446178436e-02	-9.697358123958110809e-03
1.794850528240203857e-01	-2.770691365003585815e-02	-1.490972787141799927e-01
6.790274381637573242e-02	4.489089176058769226e-02	2.408920042216777802e-02
7.422688603401184082e-02	3.835879033431410789e-03	-4.244434460997581482e-02
3.031958639621734619e-01	-1.291013043373823166e-02	-1.200754866003990173e-01
-2.132845483720302582e-02	8.850155025720596313e-02	1.787277311086654663e-01
-6.129189953207969666e-02	-2.889377996325492859e-02	-7.106763124465942383e-02
1.979586295783519745e-02	-1.086127385497093201e-01	-2.160355914384126663e-03
2.518229484558105469e-01	-5.831408128142356873e-02	-1.897017955780029297e-01
-1.378278713673353195e-02	-1.166695430874824524e-01	-7.715787738561630249e-02
4.009379073977470398e-02	8.109449595212936401e-02	-1.760139167308807373e-01
2.439394146203994751e-01	-2.574036270380020142e-02	-7.754772156476974487e-02
6.859579682350158691e-02	-2.165998518466949463e-02	7.208345085382461548e-02
2.114523351192474365e-01	-3.998269885778427124e-02	-1.691179722547531128e-01
1.256864368915557861e-01	-6.503674387931823730e-02	-3.421428054571151733e-02
-6.959126889705657959e-02	3.723257454112172127e-03	8.845695108175277710e-02
6.149195134639739990e-02	5.840551480650901794e-02	1.279612481594085693e-01
2.061887085437774658e-02	-7.881126552820205688e-02	-1.629930883646011353e-01
-4.126252979040145874e-02	7.616512477397918701e-02	1.889126934111118317e-02
-1.261325459927320480e-02	9.162031114101409912e-02	-1.732936501502990723e-01
-4.126252979040145874e-02	7.616512477397918701e-02	1.211173012852668762e-01
6.495724618434906006e-02	-3.274024650454521179e-02	-1.896498203277587891e-01
3.584881126880645752e-02	-8.357603102922439575e-02	-5.896510928869247437e-02
3.304193168878555298e-02	8.559937030076980591e-02	-6.049849838018417358e-02
7.431352138519287109e-02	1.182337105274200439e-02	-9.151283651590347290e-02
-4.929507151246070862e-02	-4.521529003977775574e-02	1.889503300189971924e-01
7.318730652332305908e-02	-3.276627976447343826e-03	2.330951020121574402e-02
3.992053121328353882e-02	8.088658004999160767e-02	1.593221276998519897e-01
2.491373568773269653e-01	-6.157144531607627869e-02	-2.384064495563507080e-01
-1.261325459927320480e-02	9.162031114101409912e-02	-9.968225657939910889e-02
7.717239111661911011e-02	-6.382388621568679810e-02	-7.538191974163055420e-02
-6.921008229255676270e-02	-2.271730045322328806e-04	-8.742379397153854370e-02
3.037156462669372559e-01	-5.142682045698165894e-02	-2.114984691143035889e-01
-2.126124054193496704e-01	-4.938229918479919434e-02	2.755449712276458740e-02
-6.570148468017578125e-02	-1.657467335462570190e-02	-1.376907713711261749e-02
-3.690493106842041016e-02	7.996828109025955200e-02	-7.515667378902435303e-02
-5.708664655685424805e-03	-8.201664686203002930e-02	-1.295287907123565674e-01
-6.050441041588783264e-02	-5.367925763130187988e-02	4.756654426455497742e-02
3.119161585345864296e-03	9.325766563415527344e-02	1.620077043771743774e-01
8.999396115541458130e-02	-5.054317414760589600e-02	-1.286745965480804443e-01
-4.880559816956520081e-02	-4.920037090778350830e-02	1.332458108663558960e-01
1.919810287654399872e-02	-6.902182847261428833e-02	1.620077043771743774e-01
-2.535685338079929352e-02	-8.357603102922439575e-02	-2.901634946465492249e-02
-2.542615868151187897e-02	-7.950432598590850830e-02	-1.526578664779663086e-01
2.650777101516723633e-01	-3.284420445561408997e-02	-1.405553370714187622e-01
6.530377268791198730e-02	-7.049457728862762451e-02	-1.405042260885238647e-01
5.993257090449333191e-02	6.078790500760078430e-02	-1.678358167409896851e-01
3.312856331467628479e-02	-8.305624127388000488e-02	-1.023332029581069946e-01
-3.366488218307495117e-02	-8.236318826675415039e-02	-1.120013594627380371e-01
-5.608790740370750427e-02	-4.959887638688087463e-02	8.395207673311233521e-02
2.172775939106941223e-02	9.044211357831954956e-02	6.662563234567642212e-02
-6.610865145921707153e-02	3.746651113033294678e-02	1.743094772100448608e-01
-1.138689965009689331e-01	-6.590306758880615234e-02	3.557364456355571747e-03
1.907472312450408936e-01	-3.366721048951148987e-02	-9.798426926136016846e-02
1.953596808016300201e-02	-7.716525346040725708e-02	5.155161768198013306e-02
6.712305545806884766e-02	-2.462280727922916412e-02	-2.509680986404418945e-01
-5.620572343468666077e-02	5.937579646706581116e-02	-8.742379397153854370e-02
1.087065115571022034e-01	-4.924368485808372498e-02	-2.548665702342987061e-01
1.140777096152305603e-01	-3.939360007643699646e-02	-1.614337116479873657e-01
6.296470016241073608e-02	5.580655112862586975e-02	-2.264512032270431519e-01
6.105879694223403931e-02	-7.292027026414871216e-02	-2.181085050106048584e-01
1.515028327703475952e-01	-6.746244430541992188e-02	-1.116028502583503723e-01
-1.284715998917818069e-02	-6.893519312143325806e-02	1.864379942417144775e-01
-4.149643704295158386e-02	-1.102587580680847168e-01	-2.321199513971805573e-02
-6.673240661621093750e-02	4.840812645852565765e-03	2.214374244213104248e-01
-6.694898754358291626e-02	-7.439302653074264526e-02	-3.113313578069210052e-03
6.729630380868911743e-02	-2.442355267703533173e-02	-3.837262466549873352e-02
-4.910534620285034180e-02	6.869743019342422485e-02	-1.376907713711261749e-02
2.082469463348388672e-01	-2.445820719003677368e-02	-1.328060775995254517e-01
2.807581126689910889e-01	-7.318016886711120605e-02	-2.568590939044952393e-01
1.625917553901672363e-01	-5.954426154494285583e-02	1.265374757349491119e-02
3.103863298892974854e-01	-7.569250464439392090e-02	-2.526141405105590820e-01
-4.933925345540046692e-02	-8.331613987684249878e-02	-5.897377431392669678e-02
6.461071223020553589e-02	-4.548384621739387512e-02	-9.151283651590347290e-02
-5.898401513695716858e-02	5.048733204603195190e-02	2.232566922903060913e-01
-1.207613479346036911e-02	-1.145903766155242920e-01	-4.218444600701332092e-02
2.832704484462738037e-01	-4.089234024286270142e-02	-2.502750456333160400e-01
-1.263057813048362732e-02	9.162031114101409912e-02	6.801174581050872803e-02
-7.362832874059677124e-02	-7.101436704397201538e-02	-9.093239903450012207e-02
5.274209752678871155e-02	7.001423835754394531e-02	-2.482825070619583130e-01
2.670702338218688965e-01	-9.223926067352294922e-02	-1.520601063966751099e-01
-1.553484946489334106e-01	-5.882520601153373718e-02	1.135426759719848633e-02
1.216147169470787048e-01	-6.668275594711303711e-02	4.337054677307605743e-03
-4.073407500982284546e-02	-1.171893328428268433e-01	-7.759103924036026001e-02
1.262928545475006104e-01	-3.250633552670478821e-02	-1.939987540245056152e-01
1.706485450267791748e-01	-2.515126392245292664e-02	-2.225614041090011597e-01
1.347828209400177002e-01	-5.236244946718215942e-02	-6.345266103744506836e-02
1.384213715791702271e-01	-4.484276846051216125e-02	-2.360673695802688599e-01
5.456137284636497498e-02	6.765784323215484619e-02	2.712132968008518219e-02
1.620719581842422485e-01	-4.952957481145858765e-02	-1.529783904552459717e-01
2.858694195747375488e-01	-3.350261226296424866e-02	-1.037453040480613708e-01
5.664054304361343384e-02	-4.214850813150405884e-02	1.251890212297439575e-01
1.011695116758346558e-01	-6.919508427381515503e-02	-4.244434460997581482e-02
2.028100378811359406e-02	-8.227655291557312012e-02	-3.109552524983882904e-02
6.426417827606201172e-02	5.306030809879302979e-02	9.746669977903366089e-02
-1.469451785087585449e-01	-7.266037911176681519e-02	-3.430091217160224915e-02
3.992053121328353882e-02	-7.595241069793701172e-02	6.783848255872726440e-02
-3.208817914128303528e-02	8.348555117845535278e-02	-1.364992260932922363e-01
6.521713733673095703e-02	-6.183134764432907104e-02	2.304962277412414551e-02
2.697558104991912842e-01	-2.164265699684619904e-02	-7.128421217203140259e-02
-5.981308966875076294e-02	5.159622430801391602e-02	1.946680545806884766e-01
-2.085197903215885162e-02	-1.008158549666404724e-01	7.715717423707246780e-03
2.424875833094120026e-02	8.909065276384353638e-02	9.382813423871994019e-02
2.694959342479705811e-01	-1.014222726225852966e-01	-2.019949108362197876e-01
-1.160261482000350952e-01	-6.564316898584365845e-02	-3.456080704927444458e-02
1.547948718070983887e-01	-5.535992234945297241e-02	-1.818731799721717834e-02
-6.528564542531967163e-02	4.010013118386268616e-02	-4.651605710387229919e-02
2.401276081800460815e-01	-2.076767571270465851e-02	-1.206299215555191040e-01
1.192756444215774536e-01	-4.634150862693786621e-02	-1.145396828651428223e-01
1.705619245767593384e-01	-5.219784379005432129e-02	-9.957829862833023071e-02
-3.235673531889915466e-02	-6.650949269533157349e-02	1.249291300773620605e-01
-4.894322715699672699e-03	9.280717372894287109e-02	-3.837262466549873352e-02
3.052750229835510254e-01	-5.375722423195838928e-02	-2.414385676383972168e-01
8.860784769058227539e-02	-3.803347796201705933e-02	-1.963031738996505737e-01
2.802592143416404724e-02	-7.110099494457244873e-02	1.165257990360260010e-01
2.776393592357635498e-01	-2.976009622216224670e-02	-1.936175823211669922e-01
-6.967789679765701294e-02	7.725665345788002014e-03	1.129738613963127136e-01
-6.677572429180145264e-02	3.436420857906341553e-02	3.933647274971008301e-02
1.134712919592857361e-01	-5.306416749954223633e-02	-2.141580730676651001e-01
-8.083613216876983643e-02	-9.735055267810821533e-02	-9.005741775035858154e-02
3.775472193956375122e-02	8.287046849727630615e-02	-1.214962452650070190e-01
-2.137177065014839172e-02	8.864016830921173096e-02	1.109436713159084320e-02
6.677651405334472656e-02	-7.525933533906936646e-02	-5.443424358963966370e-02
2.837902307510375977e-01	-5.340203270316123962e-02	-1.242858096957206726e-01
-3.453987091779708862e-02	8.181355148553848267e-02	-5.062242597341537476e-02
-3.769328072667121887e-02	-7.985084503889083862e-02	2.431152388453483582e-03
6.010583788156509399e-02	-7.768504321575164795e-02	-2.160355914384126663e-03
7.110812515020370483e-02	3.596777096390724182e-02	-1.937388628721237183e-01
2.283456325531005859e-01	-1.988402381539344788e-02	-1.691526472568511963e-01
-6.454927474260330200e-02	-2.006595209240913391e-02	8.429861068725585938e-02
1.443123519420623779e-01	-5.967420712113380432e-02	-1.349788159132003784e-01
7.431352138519287109e-02	1.182337105274200439e-02	-1.651242375373840332e-01
4.901691526174545288e-02	7.398199290037155151e-02	7.069733738899230957e-02
4.009379073977470398e-02	8.111183345317840576e-02	-3.698651120066642761e-02
9.692453593015670776e-02	-9.327884763479232788e-02	-1.056338921189308167e-01
7.015518099069595337e-02	3.956301137804985046e-02	-3.837262466549873352e-02
4.225960001349449158e-02	7.921458035707473755e-02	1.290008276700973511e-01
1.710817217826843262e-01	-4.610760137438774109e-02	-1.773567199707031250e-01
2.310312092304229736e-01	-5.467553064227104187e-02	-8.273699879646301270e-02
-1.026934459805488586e-01	-6.737581640481948853e-02	-5.873120203614234924e-02
-8.832511957734823227e-04	9.329231083393096924e-02	-1.385571062564849854e-02
2.503502070903778076e-01	-5.877323448657989502e-02	-2.142620533704757690e-01
3.550228476524353027e-02	8.431721478700637817e-02	-1.281611900776624680e-02
-2.543482370674610138e-02	-8.444235473871231079e-02	-8.330010622739791870e-02
5.802666768431663513e-02	-8.011075109243392944e-02	-1.159864440560340881e-01
-6.649849563837051392e-02	-1.355987414717674255e-02	1.402630209922790527e-01
-6.712225079536437988e-02	-1.064902823418378830e-02	-1.105892583727836609e-01
-3.266861662268638611e-02	-7.837809622287750244e-02	2.798765338957309723e-02
-4.910188168287277222e-02	-7.231384515762329102e-02	7.979372143745422363e-02
5.993257090449333191e-02	6.078790500760078430e-02	-1.269454210996627808e-01
7.249425351619720459e-02	-6.092174444347620010e-03	-2.056161463260650635e-01
3.083071708679199219e-01	-7.014804333448410034e-02	-1.695338189601898193e-01
3.723493218421936035e-02	-9.674413502216339111e-02	-1.524182409048080444e-02
-6.886356323957443237e-02	-5.777696520090103149e-02	-1.102860495448112488e-01
2.023559659719467163e-01	-3.753966838121414185e-02	-1.997424811124801636e-01
-4.126252979040145874e-02	7.615646719932556152e-02	1.456342339515686035e-01
1.132323406636714935e-02	-7.733852416276931763e-02	-1.936782300472259521e-01
-1.263057813048362732e-02	9.162031114101409912e-02	1.129738613963127136e-01
7.422688603401184082e-02	3.844542661681771278e-03	1.129738613963127136e-01
3.160174190998077393e-01	-1.737169176340103149e-02	-1.393927335739135742e-01
-7.828914374113082886e-02	-7.222720980644226074e-02	-3.828600049018859863e-02
6.435081362724304199e-02	-3.014994226396083832e-02	9.694689512252807617e-02
6.729630380868911743e-02	-2.443221770226955414e-02	1.481956429779529572e-02
3.100398182868957520e-01	-7.361333817243576050e-02	-1.939294487237930298e-01
7.751891762018203735e-02	-4.482544586062431335e-02	-1.740300357341766357e-01
6.539040058851242065e-02	-3.732309117913246155e-02	-1.487594097852706909e-01
1.040283739566802979e-01	-7.413312792778015137e-02	-1.241298690438270569e-01
-5.262694507837295532e-02	6.416656076908111572e-02	1.047438010573387146e-01
-1.252698004245758057e-01	-6.191798299551010132e-02	-7.294755429029464722e-02
7.050170004367828369e-02	-1.607220619916915894e-02	-1.037712991237640381e-01
7.188781350851058960e-02	3.214382380247116089e-02	-2.387529611587524414e-01
-1.437188871204853058e-02	-9.916983544826507568e-02	-5.937227979302406311e-02
-5.448174104094505310e-02	6.176684796810150146e-02	1.334190815687179565e-01
2.723548114299774170e-01	-7.335343211889266968e-02	-1.284008473157882690e-01
8.072430640459060669e-02	-7.335343211889266968e-02	-2.199913561344146729e-02
-1.387151181697845459e-01	-7.439302653074264526e-02	1.455966290086507797e-02
2.037420719861984253e-01	-4.144678264856338501e-02	-3.482070937752723694e-02
8.791477978229522705e-02	-5.000605434179306030e-02	-2.779107391834259033e-01
2.238407582044601440e-01	-4.069308564066886902e-02	-1.282986104488372803e-01
4.763079434633255005e-02	-1.036747097969055176e-01	-4.894176125526428223e-02
-8.844750002026557922e-03	9.195818752050399780e-02	-1.283107399940490723e-01
-3.324038535356521606e-02	-6.061850115656852722e-02	1.810668110847473145e-01
6.296470016241073608e-02	5.580655112862586975e-02	-6.696993112564086914e-02
7.370709627866744995e-02	2.358282729983329773e-02	1.006720811128616333e-01
2.585802674293518066e-01	-5.114959552884101868e-02	-1.693778783082962036e-01
9.034048020839691162e-02	-3.369320183992385864e-02	-2.409187555313110352e-01
-4.934531822800636292e-02	-3.706319630146026611e-02	2.298407554626464844e-01
2.075538784265518188e-01	-4.478212818503379822e-02	-1.078516766428947449e-01
1.722945719957351685e-01	-3.378849849104881287e-02	-1.225358396768569946e-01
2.929732501506805420e-01	-9.942972660064697266e-02	-2.425647825002670288e-01
-6.674107164144515991e-02	3.455046936869621277e-02	1.415625065565109253e-01
2.323307096958160400e-01	-3.010662458837032318e-02	-5.894777923822402954e-02
-5.092981830239295959e-02	6.634969264268875122e-02	6.801174581050872803e-02
2.768596708774566650e-01	-1.596824824810028076e-02	-1.600475907325744629e-01
2.007099390029907227e-01	-4.946893081068992615e-02	-5.901708826422691345e-02
2.194225043058395386e-01	-5.589703842997550964e-02	-4.105822741985321045e-02
1.113921180367469788e-01	-1.160631254315376282e-01	-1.414078027009963989e-01
2.104993760585784912e-01	-4.164604470133781433e-02	-1.466369181871414185e-01
2.015105448663234711e-02	-1.009891033172607422e-01	-5.789086967706680298e-02
1.589532047510147095e-01	-2.765493467450141907e-02	-1.980098336935043335e-01
1.159836277365684509e-01	-1.184888184070587158e-01	-1.033814549446105957e-01
1.569606661796569824e-01	-5.834006518125534058e-02	-7.272230088710784912e-02
-6.083275005221366882e-02	-6.174471601843833923e-02	-5.061376467347145081e-02
1.030097343027591705e-02	-7.058121263980865479e-02	1.419090181589126587e-01
-6.014055758714675903e-02	-4.550984129309654236e-02	2.712132968008518219e-02
1.870220452547073364e-01	-4.458287358283996582e-02	-1.609745472669601440e-01
1.417133957147598267e-01	-6.512337923049926758e-02	1.637893170118331909e-02
2.769672498106956482e-02	-8.461562544107437134e-02	-7.928903400897979736e-02
1.883424445986747742e-02	9.125645458698272705e-02	-1.732936501502990723e-01
1.348694562911987305e-01	-4.982412233948707581e-02	-2.120182663202285767e-01
2.526892721652984619e-01	-1.740634255111217499e-02	-1.528311222791671753e-01
1.375550478696823120e-01	-5.356663092970848083e-02	-1.611478179693222046e-01
-5.620572343468666077e-02	5.937579646706581116e-02	1.889126934111118317e-02
1.118462160229682922e-02	9.257327020168304443e-02	4.756654426455497742e-02
-1.040275767445564270e-01	-1.166695430874824524e-01	-8.962425589561462402e-02
2.360768057405948639e-02	-8.071716874837875366e-02	-9.783991612493991852e-03
8.644203096628189087e-02	-5.792423337697982788e-02	-9.394719451665878296e-02
-3.683562204241752625e-02	7.983832806348800659e-02	5.163824930787086487e-02
-3.684428706765174866e-02	7.964774221181869507e-02	1.662526875734329224e-01
3.628197312355041504e-02	-7.404649257659912109e-02	9.703354537487030029e-02
-1.405344009399414062e-01	-5.613961443305015564e-02	-2.243230491876602173e-02
-2.972311899065971375e-02	-8.418245613574981689e-02	-5.064841732382774353e-02
1.015160456299781799e-01	-3.086899034678936005e-02	-2.633565068244934082e-01
1.345229148864746094e-01	-6.001206487417221069e-02	-1.420223247259855270e-02
5.118271708488464355e-02	-6.443031877279281616e-02	1.163525357842445374e-01
2.773794531822204590e-01	-1.002960503101348877e-01	-1.696810871362686157e-01
1.675298064947128296e-01	-4.608161002397537231e-02	-5.500601604580879211e-02
-5.519992113113403320e-02	-3.870920464396476746e-02	1.061299145221710205e-01
-6.947864592075347900e-02	1.988969743251800537e-02	1.889126934111118317e-02
1.335699707269668579e-01	-3.793818131089210510e-02	-1.470874100923538208e-01
-8.745859377086162567e-04	9.316237270832061768e-02	1.826261878013610840e-01
6.677651405334472656e-02	4.778440669178962708e-02	-1.528484523296356201e-01
-1.726540364325046539e-02	-7.759840786457061768e-02	4.340819269418716431e-02
4.009379073977470398e-02	8.111183345317840576e-02	2.027738280594348907e-02
1.514161974191665649e-01	-7.456628233194351196e-02	-2.598422206938266754e-02
2.317242771387100220e-01	-3.740106150507926941e-02	-1.569634824991226196e-01
2.815378010272979736e-01	-1.481603924185037613e-02	-1.202747374773025513e-01
1.295848786830902100e-01	-6.001206487417221069e-02	-9.955231100320816040e-02
-6.345770508050918579e-02	-7.395985722541809082e-02	-7.237577438354492188e-02
1.337432265281677246e-01	-5.197260156273841858e-02	-1.895198673009872437e-01
-6.947864592075347900e-02	1.988969743251800537e-02	-9.560187160968780518e-02
-6.755540519952774048e-02	3.086599893867969513e-02	9.244202077388763428e-02
6.824926286935806274e-02	-7.309353351593017578e-02	-9.550657868385314941e-02
6.677651405334472656e-02	4.778440669178962708e-02	-9.697358123958110809e-03
-4.742121696472167969e-02	7.085456699132919312e-02	-3.430091217160224915e-02
2.112790644168853760e-01	-2.996801957488059998e-02	-9.392987191677093506e-02
7.197444885969161987e-02	-9.063661098480224609e-03	5.605649203062057495e-02
1.959451735019683838e-01	-2.486537769436836243e-02	-1.612517833709716797e-01
7.180119305849075317e-02	-9.037668816745281219e-03	-1.852142512798309326e-01
1.387678980827331543e-01	-2.968213148415088654e-02	-2.102076560258865356e-01
-6.716556847095489502e-02	-4.064980428665876389e-03	1.990863084793090820e-01
2.846565842628479004e-01	-2.973411045968532562e-02	-1.731810420751571655e-01
2.528625428676605225e-01	-3.701121732592582703e-02	-1.037972867488861084e-01
7.249425351619720459e-02	-5.620024725794792175e-02	-2.508814632892608643e-01
-6.454927474260330200e-02	-2.006595209240913391e-02	3.119304776191711426e-02
7.249425351619720459e-02	2.927023358643054962e-02	-2.618837654590606689e-01
2.702099271118640900e-02	8.788646757602691650e-02	-1.446686387062072754e-01
-6.454927474260330200e-02	-2.006595209240913391e-02	6.676125805824995041e-03
-7.533006719313561916e-04	-7.118763029575347900e-02	1.660794168710708618e-01
9.276618808507919312e-02	-5.944030359387397766e-02	-1.812551617622375488e-01
-6.050961464643478394e-02	-2.828734926879405975e-02	1.864379942417144775e-01
1.116729062050580978e-02	9.257327020168304443e-02	1.091620549559593201e-01
4.000715911388397217e-02	-7.369995862245559692e-02	-2.345946133136749268e-01
-6.038832291960716248e-02	-3.726245090365409851e-02	-1.792743057012557983e-02
-5.620572343468666077e-02	5.937579646706581116e-02	-1.078690066933631897e-01
-6.967789679765701294e-02	1.182337105274200439e-02	1.660794168710708618e-01
1.826904416084289551e-01	-3.917702287435531616e-02	-2.138548642396926880e-01
2.438527941703796387e-01	-3.310410305857658386e-02	-1.734062731266021729e-01
-1.724807545542716980e-02	-7.933105528354644775e-02	1.464629638940095901e-02
-6.967789679765701294e-02	1.591241173446178436e-02	-3.014256805181503296e-02
2.588401734828948975e-01	-9.613770991563796997e-02	-2.250650674104690552e-01
7.249425351619720459e-02	2.927023358643054962e-02	-2.128239274024963379e-01
3.550228476524353027e-02	8.431721478700637817e-02	-9.866866469383239746e-02
-5.304104834794998169e-02	6.081389635801315308e-02	2.396301627159118652e-01
2.206353545188903809e-01	-2.445820719003677368e-02	-1.165928691625595093e-01
2.165636271238327026e-01	-2.688390947878360748e-02	-2.111952602863311768e-01
1.133189629763364792e-02	-8.322951197624206543e-02	-1.117674559354782104e-01
7.388036698102951050e-02	-1.925569631566759199e-05	-2.428246736526489258e-01
-1.270855031907558441e-02	-9.951636195182800293e-02	-1.160327345132827759e-02
7.353382557630538940e-02	2.356290258467197418e-02	-1.078690066933631897e-01
6.296470016241073608e-02	-6.919508427381515503e-02	-1.855434477329254150e-01
1.347828209400177002e-01	-4.851597547531127930e-02	-8.392385393381118774e-02
2.744339406490325928e-01	-4.951224476099014282e-02	-9.974290430545806885e-02
2.562412023544311523e-01	-3.887381032109260559e-02	-6.681398302316665649e-02
2.643846273422241211e-01	-3.428230062127113342e-02	-1.199801936745643616e-01
-2.447320520877838135e-02	8.729736506938934326e-02	-3.430091217160224915e-02
1.953387558460235596e-01	-4.890581965446472168e-02	-7.923705130815505981e-02
2.714018523693084717e-01	-5.665074288845062256e-02	-1.457879245281219482e-01
-6.689700484275817871e-02	3.380023315548896790e-02	6.394002586603164673e-02
5.239557102322578430e-02	-9.700403362512588501e-02	-6.849465519189834595e-02
3.012242354452610016e-02	8.655232936143875122e-02	1.126273497939109802e-01
-5.090556293725967407e-02	6.633236259222030640e-02	1.824529170989990234e-01
-2.711548656225204468e-02	8.560804277658462524e-02	2.151132673025131226e-01
8.159063011407852173e-02	-4.868057370185852051e-02	-1.493051946163177490e-01
2.967850863933563232e-01	-5.432033166289329529e-02	-1.520514339208602905e-01
8.392970263957977295e-02	-9.925647079944610596e-02	-9.210193902254104614e-02
1.630249172449111938e-01	-2.854724414646625519e-02	-1.735708862543106079e-01
-9.308592975139617920e-02	-6.980151683092117310e-02	5.447685452963924035e-06
-8.646722882986068726e-02	-5.861729010939598083e-02	-8.291891962289810181e-02
7.275413721799850464e-02	-6.222121883183717728e-03	-1.402365267276763916e-01
1.751534491777420044e-01	-5.004069954156875610e-02	-2.251892536878585815e-02
5.447474494576454163e-02	6.751056015491485596e-02	-2.199913561344146729e-02
-6.209758296608924866e-02	-2.566239424049854279e-02	-1.214962452650070190e-01
2.733077406883239746e-01	-4.656675085425376892e-02	-2.695940434932708740e-01
-5.025495588779449463e-02	6.568262726068496704e-02	2.155464291572570801e-01
6.521713733673095703e-02	-3.444690257310867310e-02	-2.225903607904911041e-02
7.318730652332305908e-02	-3.276627976447343826e-03	2.864307956770062447e-03
4.789069667458534241e-02	-1.103453934192657471e-01	-2.321199513971805573e-02
1.906606107950210571e-01	-4.231310635805130005e-02	-1.852229088544845581e-01
-6.856034696102142334e-02	-4.099632147699594498e-03	-1.283159404993057251e-01
1.573071926832199097e-01	-4.179331660270690918e-02	-2.285303622484207153e-01
5.638065561652183533e-02	6.529278308153152466e-02	1.102016344666481018e-01
2.925401031970977783e-01	-4.292820021510124207e-02	-2.305229008197784424e-01
8.436285704374313354e-02	-9.691739827394485474e-02	-1.356935352087020874e-01
6.556367129087448120e-02	-4.956422746181488037e-02	-7.105896621942520142e-02
2.696692049503326416e-01	-1.009891033172607422e-01	-2.427380532026290894e-01
2.409072965383529663e-01	-2.366985194385051727e-02	-9.601771086454391479e-02
3.015498518943786621e-01	-9.414516389369964600e-02	-2.061186134815216064e-01
3.033691048622131348e-01	-8.348939567804336548e-02	-2.682079076766967773e-01
-6.888955086469650269e-02	1.592107489705085754e-02	1.945814341306686401e-01
1.013427823781967163e-01	-3.383181616663932800e-02	-2.182644456624984741e-01
-3.578737378120422363e-02	-9.934310615062713623e-02	-7.465420663356781006e-02
1.007363572716712952e-01	-6.737581640481948853e-02	-8.310084044933319092e-02
2.591000497341156006e-01	-4.793553799390792847e-02	-2.508814632892608643e-01
2.658573985099792480e-01	-9.319221228361129761e-02	-2.691608667373657227e-01
-4.760786832775920630e-04	-7.941769063472747803e-02	5.146498233079910278e-02
-1.038889661431312561e-01	-6.529663503170013428e-02	-8.422707021236419678e-02
-2.571204490959644318e-02	-7.274701446294784546e-02	1.086422502994537354e-01
-6.648983806371688843e-02	-1.362051442265510559e-02	1.607082337141036987e-01
7.275413721799850464e-02	-6.222121883183717728e-03	-8.707726746797561646e-02
2.522561252117156982e-01	-7.543260604143142700e-02	-2.676881253719329834e-01
2.895079851150512695e-01	-4.205321148037910461e-02	-2.009639889001846313e-01
6.417755782604217529e-02	5.332020297646522522e-02	7.975618354976177216e-03
2.847431898117065430e-01	-4.095298051834106445e-02	-1.565736383199691772e-01
1.301046758890151978e-01	-4.158539697527885437e-02	-1.288123428821563721e-01
4.407887533307075500e-02	-7.933105528354644775e-02	-1.526491940021514893e-01
5.993257090449333191e-02	6.076190993189811707e-02	7.728140056133270264e-02
9.224639832973480225e-02	-6.269767135381698608e-02	-5.905174463987350464e-02
1.055877506732940674e-01	-4.561379924416542053e-02	-1.369800269603729248e-01
-1.523163914680480957e-01	-5.123622715473175049e-02	-3.828600049018859863e-02
8.895436674356460571e-02	-1.167561784386634827e-01	-8.944232016801834106e-02
1.885157451033592224e-02	9.125645458698272705e-02	-9.697358123958110809e-03
1.114787533879280090e-01	-9.778372198343276978e-02	-1.405016183853149414e-01
2.853496074676513672e-01	-9.145956486463546753e-02	-1.516096144914627075e-01
-2.951519936323165894e-02	-7.603903114795684814e-02	6.783848255872726440e-02
-1.859087683260440826e-02	8.984435349702835083e-02	-5.436493828892707825e-02
8.869446814060211182e-02	-6.443031877279281616e-02	-1.404357850551605225e-01
6.772947311401367188e-02	4.487356543540954590e-02	1.143599972128868103e-01
7.171455770730972290e-02	-8.699805475771427155e-03	-5.863590538501739502e-02
7.121570874005556107e-03	9.284183382987976074e-02	-8.332609385251998901e-02
-6.947864592075347900e-02	1.988969743251800537e-02	-5.879184231162071228e-02
-4.894322715699672699e-03	9.280717372894287109e-02	1.293473541736602783e-01
9.701115638017654419e-02	-9.111303091049194336e-02	-1.236447244882583618e-01
8.358316868543624878e-02	-1.142438426613807678e-01	-1.248922348022460938e-01
-6.454927474260330200e-02	-2.006595209240913391e-02	-4.244434460997581482e-02
5.975930392742156982e-02	6.070993840694427490e-02	-9.013538062572479248e-02
1.949055939912796021e-01	-2.977742813527584076e-02	-1.184814423322677612e-01
1.695223450660705566e-01	-4.988476261496543884e-02	-1.302556395530700684e-01
-6.777199357748031616e-02	-7.764175068587064743e-03	-5.879184231162071228e-02
-6.068114563822746277e-02	-6.183134764432907104e-02	-2.607085555791854858e-02
1.383347362279891968e-01	-2.704851143062114716e-02	-2.389262169599533081e-01
1.996703594923019409e-01	-4.582171514630317688e-02	-1.437550038099288940e-02
2.172775939106941223e-02	9.044211357831954956e-02	-1.255852878093719482e-01
4.962333664298057556e-02	-8.270970731973648071e-02	-4.755564406514167786e-02
8.904100209474563599e-02	-5.732647329568862915e-02	-2.101036906242370605e-01
-6.301588565111160278e-02	-5.264833569526672363e-02	-1.283410638570785522e-01
-4.669076297432184219e-03	-8.002411574125289917e-02	-1.608705967664718628e-01
3.095200061798095703e-01	-2.741236425936222076e-02	-1.117847785353660583e-01
1.874551922082901001e-01	-2.383445389568805695e-02	-2.060579657554626465e-01
-3.766729310154914856e-02	-5.723984166979789734e-02	1.565498709678649902e-01
-6.209758296608924866e-02	-2.566239424049854279e-02	1.279612481594085693e-01
-1.320235338062047958e-02	-9.795697778463363647e-02	-7.707991451025009155e-02
6.920222193002700806e-02	4.237855598330497742e-02	5.432385578751564026e-02
7.734564691781997681e-02	-3.755699843168258667e-02	-2.100343853235244751e-01
-4.341100901365280151e-02	-4.680065810680389404e-02	2.162394970655441284e-01
2.494838833808898926e-01	-7.785831391811370850e-02	-1.812551617622375488e-01
-4.910447821021080017e-02	6.869743019342422485e-02	-1.323980540037155151e-01
-4.446099326014518738e-02	-9.674413502216339111e-02	-4.175128787755966187e-02
7.110812515020370483e-02	-1.237301062792539597e-02	-2.305229008197784424e-01
2.915005087852478027e-01	-9.968962520360946655e-02	-1.813071370124816895e-01
-6.777199357748031616e-02	-7.764175068587064743e-03	7.208345085382461548e-02
4.468530043959617615e-02	7.751659303903579712e-02	5.397732183337211609e-02
-5.453850026242434978e-04	-8.383592963218688965e-02	-2.624412253499031067e-02
-1.298577245324850082e-02	-9.778372198343276978e-02	-2.910298295319080353e-02
2.482710480690002441e-01	-3.591964766383171082e-02	-1.364186406135559082e-01
1.353026032447814941e-01	-5.732647329568862915e-02	-1.159257963299751282e-01
1.816717907786369324e-02	-1.015089079737663269e-01	-3.334796428680419922e-02
-1.588795334100723267e-02	9.079731255769729614e-02	-1.443281620740890503e-01
2.159572094678878784e-01	-2.222309447824954987e-02	-1.569981426000595093e-01
-6.024537980556488037e-02	5.180414021015167236e-02	-5.625652149319648743e-03
-2.586798369884490967e-02	-1.117315068840980530e-01	-3.178858011960983276e-02
8.540245145559310913e-02	-3.168333694338798523e-02	-2.838017344474792480e-01
-1.347040385007858276e-01	-7.465291768312454224e-02	-5.061376467347145081e-02
-6.445397436618804932e-02	-1.059200531017268077e-05	2.395435720682144165e-01
7.968471944332122803e-02	-3.342463821172714233e-02	-2.592847943305969238e-01
3.922747448086738586e-02	-1.059271469712257385e-01	-1.678197004366666079e-04
-2.997435070574283600e-02	-9.787035733461380005e-02	-1.333592180162668228e-02
1.055877506732940674e-01	-3.457685187458992004e-02	-1.979751735925674438e-01
7.050170004367828369e-02	-1.607220619916915894e-02	8.845695108175277710e-02
5.638065561652183533e-02	-7.014804333448410034e-02	8.577134460210800171e-02
-6.058931350708007812e-02	-5.775962769985198975e-02	1.481956429779529572e-02
4.867038503289222717e-02	7.327160239219665527e-02	-2.237655967473983765e-01
1.518493741750717163e-01	-3.346795588731765747e-02	-1.511071473360061646e-01
5.430147796869277954e-02	6.748457252979278564e-02	-1.119580492377281189e-01
-2.506230399012565613e-02	-6.521000713109970093e-02	1.406095623970031738e-01
1.526499632745981216e-02	-8.418245613574981689e-02	-9.135690331459045410e-02
-6.967789679765701294e-02	1.591241173446178436e-02	7.615517079830169678e-02
6.746957451105117798e-02	-4.969417303800582886e-02	-1.318626701831817627e-01
2.602262794971466064e-01	-2.140008658170700073e-02	-8.571714162826538086e-02
1.096594706177711487e-01	-3.748768940567970276e-02	-1.780411005020141602e-01
-6.834883242845535278e-03	-7.040794193744659424e-02	1.399164795875549316e-01
-8.832511957734823227e-04	9.329231083393096924e-02	3.526476770639419556e-02
2.506101131439208984e-01	-8.504877984523773193e-02	-2.386663407087326050e-01
-5.457096919417381287e-02	-2.658936008810997009e-02	2.449147254228591919e-01
7.414025068283081055e-02	1.977014541625976562e-02	7.208345085382461548e-02
-5.788118764758110046e-02	-6.624958664178848267e-02	6.636573374271392822e-02
-5.039703473448753357e-02	-8.218991756439208984e-02	-1.084581017494201660e-01
-1.587062515318393707e-02	9.081463515758514404e-02	-7.481013983488082886e-02
-4.972291179001331329e-03	-7.690535485744476318e-02	6.775184720754623413e-02
-1.077874153852462769e-01	-6.443031877279281616e-02	-1.428886596113443375e-02
-8.485964499413967133e-04	9.299776703119277954e-02	-1.610265374183654785e-01
5.551433190703392029e-02	-7.768504321575164795e-02	3.110641427338123322e-02
-2.763167489320039749e-03	-7.430639117956161499e-02	9.330835938453674316e-02
-6.856034696102142334e-02	-4.099632147699594498e-03	1.251890212297439575e-01
-1.733680069446563721e-01	-5.272629857063293457e-02	1.911350176669657230e-03
1.203152388334274292e-01	-3.124151192605495453e-02	-2.734924852848052979e-01
2.702099271118640900e-02	8.788646757602691650e-02	-1.978279054164886475e-01
-1.317636389285326004e-02	-8.409583568572998047e-02	-6.710853427648544312e-02
6.426417827606201172e-02	-3.179595619440078735e-02	-5.336866527795791626e-02
3.180257061005257319e-02	1.512756646629803345e-02	-1.831006754041544504e-01
-2.119277191968428967e-02	-1.256856217358760519e-01	6.339542045378961099e-02
2.086107476081213719e-01	-1.138504892114791806e-01	-5.422562618758854092e-02
-9.612755757672739043e-02	2.459683136010492044e-01	-8.232704757695308295e-02
9.876252719340178343e-02	-3.069182583490276950e-01	6.094881599512352865e-02
-4.967906165795912127e-02	2.412166163984199793e-02	-2.771549842002897501e-02
6.102775197023838777e-02	-1.628055134573099250e-01	-1.299784955046670853e-01
1.927738719073146187e-02	1.519245274052296313e-01	-1.178678274227057399e-01
1.093737297940152453e-01	3.185041575766493945e-03	-5.396892325654229633e-02
1.721128059247632458e-01	-2.397500449576251691e-01	-1.022769169130056111e-01
1.071534823042461365e-01	-1.188444153295745709e-01	2.724087571446425285e-02
-9.743997684779957466e-03	-8.688783557490517562e-02	-6.284321045415768026e-02
5.834696103969518044e-02	8.107382320953505916e-02	2.935759700033067909e-02
-1.040370071796392626e-02	1.682031290885547814e-01	1.997102309851772443e-03
1.293875201902673078e-01	-7.408023377644772089e-02	-1.353011148910052974e-01
2.344407141957839391e-01	-2.948092918057869105e-01	-1.828487572588288756e-01
-1.282142511097103185e-02	-1.106073305814999491e-02	7.077741676763318890e-02
5.401508404329498358e-02	-2.096502848772009153e-01	4.510512634190171760e-02
-3.717885450331354091e-02	8.700536097212979714e-02	7.277719631761950247e-02
-6.432008454921903096e-02	1.889090483601703341e-01	-1.570451649770064628e-01
2.273121754536330807e-02	5.702123231074886917e-02	-9.057032734856296230e-02
1.800990063146458153e-01	-2.794360414518640839e-02	6.025201348794202716e-03
1.106947430675996186e-01	-1.877906593205846686e-01	-5.072901054612478922e-02
2.375316296345593159e-01	-1.811868745340186326e-01	-1.254854841954723133e-01
2.050346521929377608e-02	-1.645398749680983541e-01	-3.311653714280340249e-02
9.608530380737263787e-02	-2.396362372543686114e-01	-1.541983493974079245e-01
3.258923189794726144e-02	1.411859047668091900e-02	-1.759046480398950354e-02
1.350629531739334366e-01	5.081793055247615237e-02	2.431895735658790372e-02
2.661860576960545233e-02	-3.989203525830242042e-02	-1.217841377680121129e-01
2.686150455725812985e-03	-6.104409515102039024e-02	1.210083791524243016e-02
2.012649576728935408e-01	-1.060762313535114215e-01	-1.443403622464544678e-01
1.163712508219389430e-01	-1.334287612262838318e-01	-1.844355290692369642e-01
-1.092765496635883168e-02	8.834108268552751109e-02	-5.735661519477371247e-03
-2.173328196577103619e-02	2.300305273039618958e-01	-9.749434787627662968e-02
1.691805436225788939e-01	-4.005574411831298864e-02	-7.889398244444938146e-02
1.092589704628613989e-01	-6.313382968277976570e-02	8.083276353068293008e-02
1.589251581446929906e-01	-2.861588814476556664e-01	-1.564093887773376768e-01
1.890605611481123716e-01	-1.827898337716838684e-01	-6.114926791159074060e-02
7.498382849960240348e-02	1.294013421054769908e-01	8.416926613157939274e-02
1.613691799702403895e-01	-1.420003057708398297e-01	-1.092400004069624640e-02
4.261567938086276153e-02	-1.303318233197206522e-01	4.154855479886424702e-02
3.033119196809406712e-02	8.290504927394916346e-02	-1.507578192437175890e-01
-2.118812006714881901e-02	1.501618867402784441e-01	6.406044004895032618e-02
8.537526142546339458e-02	-4.410343441317802343e-02	-9.364207777337409111e-02
3.625386550092564442e-02	-1.069871749221784352e-01	-1.043743699985506534e-01
-2.249208478285561613e-02	1.438983735404758546e-01	-1.823214175333499332e-01
1.058701802622074445e-02	1.409347695445160586e-01	-5.552270810560601400e-02
1.596235474090030027e-01	-7.957266732760438777e-02	3.501253434387494728e-02
2.431001746404190533e-01	-2.383278504709357148e-01	-1.509230919599092724e-01
-2.987037615756359815e-02	2.554262566266818010e-03	-8.219682962287849781e-02
1.417229741550107558e-01	6.380991383681502982e-02	8.570724790572732676e-02
4.668395020239212746e-03	1.941345712681876723e-01	-1.588075936849034364e-01
8.456721259734133189e-02	-2.238964451976568348e-01	-9.751760374615997540e-02
-2.425991241475033663e-04	-3.019257451931352254e-02	-4.218479758768105964e-02
-1.265165796649434741e-03	-1.193304225534914387e-01	-4.767486442112999563e-04
-6.298789227248416389e-02	1.885269583227913437e-01	-9.225192906887590139e-02
7.961087516629365701e-02	-1.542923371194519777e-01	-1.504813032904733089e-02
3.421013961852968632e-02	-4.240567449408090550e-02	-1.894700807250481456e-01
-1.863763746771359212e-02	2.597303432880078422e-02	2.077385487036581893e-02
5.107177213101046429e-03	-7.093001237586166186e-02	7.145353696231167284e-02
7.227989874586839350e-03	1.881185249945070692e-02	-1.325954016353499409e-01
8.734385197762108144e-02	-2.520876395769554024e-01	5.844470678345060899e-02
1.501851567650435981e-01	1.256854252093120294e-02	-1.913340608129109749e-02
1.062629056032307756e-01	9.108994001542658481e-02	5.282747822755785166e-02
5.786639409725340827e-02	-8.219723821588761914e-02	6.046329546458614757e-02
8.473786873558625254e-02	-1.770428373489739415e-01	-1.819049586955425457e-01
5.685067709385348278e-02	-1.814119544460081890e-01	-6.886493204621578490e-02
-6.839803853961942681e-02	2.346729723621894526e-01	-1.296878907702520289e-01
1.926113835083904657e-01	-8.111508728297957271e-02	-1.474122122652669030e-02
2.253580036236114137e-01	-1.333145488184292460e-01	-1.050861542965127182e-01
1.592431784656480331e-01	-3.190028661126533688e-02	5.981821322621198173e-02
-5.234740901164305904e-02	2.392675665308456046e-01	-5.316081532802292842e-02
8.881228565031903943e-02	5.207173812428966819e-02	-2.625600569803402447e-03
1.174274868055913065e-02	8.544942433335409038e-02	5.327533173697016761e-02
-2.916319115863672332e-02	1.590291138823470285e-01	-1.336839691456239432e-01
8.108611046510592890e-02	-9.091628882227473230e-02	-1.279333014828621384e-01
6.059791418377413058e-02	-1.086102406008203174e-02	-5.284261101632278107e-02
2.001618292717719794e-01	-7.822686344653557999e-02	-9.055747685629098043e-02
-6.305601335603113963e-03	1.794058341226514031e-01	-8.432248577906399645e-02
2.060137782471100076e-01	-2.728693424636811637e-01	-1.452285027978672260e-01
3.758326643552163671e-02	6.295031502540786306e-02	-1.966738008439352925e-01
2.905468168732331519e-02	-1.171827969243234013e-01	-5.454650955636016624e-02
6.185212443452883617e-03	1.015147604376036017e-01	-1.055336183663512645e-01
-5.734205947596978130e-04	6.022478197134115141e-02	-4.510980620348795794e-02
2.793287585894629541e-02	1.505615237188659694e-01	-1.659973468818774500e-01
1.632610446509069058e-01	-1.209330049706133919e-01	-1.849665488112296474e-01
2.223925068674364319e-02	2.661898643101373151e-03	-8.959046719300220452e-02
1.307575584630576715e-01	-2.211836642740281078e-01	-8.363759878882945364e-02
5.031227275914096353e-02	-1.705245273604882594e-01	2.036117973100246351e-02
7.707795354787842779e-02	-1.318351174093190803e-01	-1.611376615431678871e-01
-2.493883006524126589e-02	3.953737577421589239e-02	6.391063246615882876e-02
1.321874895454501209e-01	-2.514782847721608317e-01	-1.205855484472442424e-01
2.189992064894563384e-01	-2.244692516877598298e-01	-1.148789323335872026e-01
2.983741416707747299e-02	1.273764033008225882e-01	7.953474337305438402e-02
1.187115020251878206e-01	-2.753542491906475487e-01	-1.820562957560622475e-01
1.732587490219575643e-01	-7.521073710355109798e-02	-1.265873600249127207e-01
1.248070426856820936e-03	1.229796490075261012e-01	1.923364599378337911e-02
-5.574326095403762948e-02	2.693906007009524428e-01	-8.528463170417570349e-02
-7.702719716620555664e-03	-1.612016239743442950e-02	1.232293624292289842e-02
6.354771269728066996e-02	-1.750783630861662277e-01	7.120412884911406226e-02
7.840382631953041193e-02	-2.033564446871677645e-01	-1.373397676445372029e-01
-6.905515993710390106e-03	1.248927854417197260e-02	-3.655960967867983441e-02
2.319820304407232969e-01	-1.470866659344921834e-01	-1.516627872880564332e-01
1.567039884584139064e-01	2.871459125667509549e-02	5.443784128119735083e-02
3.873837428513324244e-02	-4.102333354539728499e-02	-7.443266669881908049e-02
4.152462361906957000e-02	4.873313925663234902e-02	6.159314038775640619e-03
1.255842934770342971e-02	-9.997388805185766780e-02	3.525920408116228755e-02
1.504705703830528374e-01	-1.792201259985720663e-01	-3.901241513054384130e-02
1.267971084651948743e-01	-3.734273378405844612e-02	-9.675980637346076607e-02
1.784871088164066422e-01	-3.099857668345858963e-01	-1.852437210779572518e-01
-6.228847731579274620e-03	1.769658948034656953e-01	-4.160309413116733412e-02
-2.400689966917455426e-02	-7.171326116863666056e-02	-2.623551253940814912e-02
1.859645826904864074e-01	-3.923559995153389629e-02	-3.388500428229111738e-02
1.367878278140226798e-02	9.919606705070681263e-02	-4.060406057310600447e-02
1.208772082035676071e-01	-1.599457914367875822e-01	-1.638988269234765288e-02
1.734728650201128319e-02	-1.580467735790134012e-02	-1.597029136632078794e-01
5.046990633275127286e-02	-6.785106924187098154e-02	-1.028810267711800092e-01
-1.351892076839543953e-02	1.348244201721528757e-01	-2.152074136164457488e-02
-2.777884920293592630e-02	2.139643368856999628e-01	-1.449981359433157591e-01
1.070243207643417800e-02	1.184606167998378118e-01	-1.489014887628700434e-01
1.246026051284275515e-01	-8.839984994526423057e-02	5.226057177916252489e-02
-7.925986788879299874e-03	-9.720604959259437905e-02	-1.016817529220547800e-01
1.472558765878192732e-01	-9.942256354821116943e-03	-5.561305380018968791e-02
4.298208631942306013e-02	-1.432765420089169295e-01	-8.156228897626566221e-02
3.477533406537049177e-02	-1.416523684558300133e-01	-1.821878020374801538e-03
2.138250279243455176e-01	-1.539467819175485142e-01	-7.244720042536628712e-02
1.641830723174402540e-01	1.216825116820229383e-02	2.039710711147036878e-02
1.878383599607874876e-01	-1.516862141032667421e-01	-3.807772490882040117e-02
9.331840444151513411e-03	8.546395013189586609e-02	-1.829034960776548535e-01
7.220056763459152538e-02	-1.263718087817124469e-01	1.438444865462887995e-02
-6.297073262012124924e-04	1.893730156822608091e-01	-1.212874178316806911e-01
1.672841783675268687e-02	-9.341201982718699837e-02	-2.764426332937899161e-02
-1.335863728619559633e-02	6.680281577971906859e-02	2.540903829388139329e-02
1.319744568041616994e-01	-1.008242503136682344e-01	-1.619905061145114900e-01
1.231904181312082625e-01	9.639552720080608872e-02	8.660395012433498574e-02
2.017972641373726728e-01	-7.635551365660880885e-02	-5.083955366499679634e-02
1.561960324968781344e-01	-1.144774932643520954e-01	1.346913644124030952e-02
1.943657023983020038e-01	-2.104168731685948646e-01	-8.563951533194116839e-02
1.165170537059379285e-01	3.247137629047424506e-02	-1.836285145275979094e-02
5.240398600304745080e-02	-1.123381705619778820e-01	-1.420411854120749440e-01
-1.997949515792134603e-02	1.009734248734581591e-01	4.284084751051231432e-02
-3.873921419720668946e-02	3.284532702497625772e-02	-6.172236508231913193e-02
4.772103304829052040e-02	1.051971027813714266e-01	5.514460466762155511e-02
2.234222589848551890e-02	4.200425708295023319e-02	-1.569764926462017540e-01
-8.845634798225789075e-02	2.124328078647313711e-01	-1.022938172500151011e-01
-6.020629466508985519e-03	5.169440931429188091e-02	-1.004024993609549214e-02
-2.855693281407095403e-03	-1.395991082680587414e-01	-4.427189313361851175e-02
-2.639279804028549486e-03	3.364149710518579001e-02	-1.008140154117316417e-01
-7.973456558882986711e-02	2.194350448120749586e-01	-6.408323562075417257e-02
-3.895771248602272752e-02	-3.804309034274754552e-03	-4.880013581867963940e-02
1.870722776060819784e-02	-6.914623237151076851e-02	-7.910273248477513175e-02
6.669666637963832245e-02	3.159305326839589173e-02	-2.013191404587316019e-02
6.939985059989446647e-03	2.357861248077183780e-02	-6.653377200735882679e-02
1.337076078892747988e-01	-3.912178851978580230e-02	8.585521502894838397e-02
7.463536258601720375e-02	-2.230366371998327713e-01	7.159820429703778188e-02
5.526315447307819650e-02	-1.740784642278228600e-01	-3.531711144220563842e-02
-6.229089079552826980e-02	1.697846956079331615e-01	-1.210778981107207414e-01
1.626309339535725318e-01	-2.656984085940276574e-01	-1.285065712643808922e-01
2.691177819751346123e-02	5.737589686027009389e-02	-1.244821856144770061e-01
-2.842951179177067092e-02	-5.348351953909378370e-02	-5.444996282034798851e-02
-3.514407957893765644e-02	1.759370844262761469e-01	-1.673738381073282266e-01
6.447632998513969094e-02	-1.858111961442367455e-01	-1.056614228919413451e-01
-7.778696038772115601e-03	1.580874551758685298e-01	3.373189735004639839e-02
2.544289368709262145e-01	-2.554104816456124194e-01	-1.774345849583982837e-01
1.871687099942739504e-02	8.272416688662544149e-02	-6.990401834460502339e-02
1.321048847630115486e-01	-1.360249777498952484e-01	6.734424513388189738e-03
1.846524933073731556e-02	1.157147026714925170e-01	-7.800539659823506333e-02
1.508654307272671580e-01	-5.459649056404279610e-02	-1.114382834421464991e-01
9.230415474654399266e-02	-1.837605503491346673e-02	-7.411044204407524205e-02
2.400975868702499849e-02	1.864025969468430521e-01	-1.843509496436842865e-01
2.478661941959660886e-01	-2.053735625588505864e-01	-1.510212474274746086e-01
7.092432673704532342e-02	-1.028497075591653376e-01	3.842665141580058064e-02
4.137521138721978256e-03	-1.153637155893010857e-01	-7.595774303562419227e-02
-3.179267191478045429e-02	1.835198022591592870e-01	-1.043241802860671169e-01
-2.040242638636448336e-02	-9.158225591461979787e-02	-5.855099399012445157e-04
1.322499238247360209e-01	6.861049537624722139e-02	5.151693227582527373e-02
3.187995659081532818e-02	1.135900143913545768e-01	-1.732707627808076356e-01
1.010831622543468672e-01	-1.052604593072433287e-01	-1.525628616027016882e-01
-3.301745413678111325e-03	1.474189560802399435e-01	-8.805451932572770646e-02
2.229911773558386143e-02	-8.269211009934197831e-03	-1.239206457401452743e-01
1.481388963221036970e-01	-2.042820476418594766e-01	-6.323132672402169419e-02
1.941104493431059785e-01	-1.234317334351346107e-01	-1.779182218369707025e-01
-1.346890291570154025e-02	-7.897750973860897115e-06	3.885104295920398937e-02
1.936837638657074867e-01	-1.176376985603242720e-01	-2.699906276286212145e-02
1.499350532056883956e-01	3.348805311992874428e-02	8.817586288222985236e-02
2.223884161315753949e-01	-1.849304632595090148e-01	-9.823141400605445162e-02
1.700201318361547337e-02	6.156135577798630548e-02	3.108411129662050354e-02
9.382105232360217831e-03	-5.955717062741638923e-02	-4.486749080131158945e-02
1.701828691209554822e-01	-1.116509093627003971e-02	-2.353911616618528657e-02
8.604793951528122431e-02	1.640008239540571497e-02	-3.918189653311477533e-02
1.273832403676439240e-01	-2.708406439416459754e-01	-1.530413729138266898e-01
1.042382808894745244e-01	-6.458799637044329578e-02	-1.198212360854293834e-01
2.270661688811684009e-01	-1.525782661441191790e-01	-1.818635541051844273e-01
-4.827219002515416996e-02	2.128776516921829232e-01	-6.877555126749224090e-02
1.710168223100655416e-01	-1.497198908281292470e-02	3.688352265294334020e-02
1.831971263777974410e-02	-1.426829831552007231e-02	-6.065729444553863425e-02
9.480967624373386193e-02	-8.905920925354610107e-02	5.866162730903189126e-02
-3.837145042451582666e-02	2.357511996641502294e-01	-1.251063581600596886e-01
9.919656050397383795e-02	-2.787790198079514448e-01	7.486627239550955326e-02
9.930654933678947915e-02	-1.400139131514612501e-01	3.004979336650550389e-03
1.698436111906522217e-01	-5.158149277310680042e-02	3.572439855689211324e-02
-3.522997516164611854e-03	-4.132160911213250687e-02	3.388065927107875019e-02
8.087344591740928956e-02	-1.879494843756908673e-01	-4.736820934698270091e-02
2.444876599917946147e-01	-1.762500490957175370e-01	-1.561171533755199292e-01
1.414831811044908044e-02	3.369126175031834924e-02	-3.094726075829300205e-02
1.079746499326033893e-01	-2.350112146222793630e-01	-1.149750835724464293e-01
8.828051594256428047e-02	-2.126893189383745053e-01	-1.853313022934111043e-01
2.624394016879835062e-02	-1.217221328679999742e-01	-2.236798378768931062e-02
-4.861452103486206197e-03	-3.918878921560430689e-02	6.418657918358396108e-02
4.480149627794477105e-03	1.678383688926066153e-01	-1.450983537513201305e-01
-4.713664928756090486e-03	1.844178771526220131e-02	-7.619655755816580681e-03
1.127558838171665856e-01	7.114209280616311248e-02	2.955778541099210802e-02
-1.731325587933941037e-03	-3.270297065292484401e-02	-1.270926234030668803e-02
4.861985510439649841e-03	-7.229853268315615533e-02	4.154200144837153635e-02
9.461209402067420615e-02	-2.075151447028374119e-01	-7.546063343563881587e-02
2.124324452173429745e-01	-1.012605998355551040e-01	-1.034257712210039093e-01
2.039557319466727969e-01	-2.486216566248220516e-01	-1.216818768838895809e-01
6.376508465246587265e-02	-1.993685214193701427e-01	1.955491505150358175e-02
2.562229655354556629e-02	8.807648479585929169e-02	-1.221682654583079314e-01
4.902634930754283527e-02	-1.419216401996019061e-01	-1.093619624503429227e-01
6.999376357359470002e-03	1.059788122101454483e-01	7.304586046153205281e-02
1.494361630166740618e-01	-6.282323840778217261e-02	5.606464851070478567e-02
-2.289201691406419006e-02	1.301925771372778318e-01	4.357439258945818017e-02
1.204772698191234302e-02	7.508354869575582791e-02	-2.398197928072160617e-02
9.084643651928892005e-02	1.103579103991310512e-01	6.786657125607971353e-02
-2.849630752213570470e-02	6.585236895486400177e-02	4.917458579826720910e-02
-5.278000428880456028e-03	5.986732367364779039e-02	-8.846890750820976534e-02
9.928774722909886052e-02	-2.509447707889225221e-01	-1.796547058465301216e-01
4.497075333355369034e-03	-1.447771716340044701e-01	-1.786272624185785557e-02
1.865610822730186802e-01	-2.897437079582706465e-01	-1.576702066440362482e-01
4.770062303934406722e-02	-1.649077541368769440e-01	-9.794322444037566536e-03
6.742192208879393966e-02	-3.398883626810550451e-02	-7.509571719530735989e-02
1.782071438560936527e-01	-1.034997221211388096e-01	4.714370380996991288e-04
2.204628886639664956e-02	1.258707352153880799e-01	-1.094502264031250449e-01
-6.880402702966861850e-02	2.433668111887582752e-01	-7.973562195037782463e-02
3.589588698065995093e-02	-1.186506929071355632e-02	-1.820280544783809407e-01
-7.386538737477919836e-02	2.604074839598408131e-01	-1.038704503047884475e-01
2.112120893941091607e-02	-1.185794624614301407e-01	1.549987525315265659e-02
3.273099394761642272e-02	-7.012300788004318004e-03	-3.853665795360785434e-02
2.293398991121352037e-01	-2.722229426570437205e-01	-1.594970056537642622e-01
-8.860343855535869270e-03	-1.129555054475006592e-01	-2.589747166168586065e-02
-3.655419591306133253e-02	2.503673033731486641e-01	-8.259172040299432582e-02
2.184263768002092099e-01	-1.256948443605403198e-01	-7.972512601503797813e-02
2.673732381995050714e-02	-1.106949406384126477e-01	5.640394625188584893e-02
9.966578467519396356e-02	1.219193856917567542e-01	9.175647981593079705e-02
-5.537836442417914257e-02	1.594009582812224712e-01	-1.450208396180861781e-01
7.807155832999194967e-02	-2.311681908845860389e-01	4.448075246362752366e-02
3.215807911266913011e-02	-3.713571046922262142e-02	-1.479742940793244976e-01
-1.742033429396369626e-02	-1.099861965895190946e-01	1.867068165562239812e-02
8.024369133054284550e-03	1.069310728622643591e-01	-9.456341697457546630e-03
1.019861238114965840e-03	1.587416565928148615e-01	-2.026139510290918960e-02
2.496926538907488433e-02	2.089600898566771128e-02	-1.084900464463439823e-01
-1.747982781724833484e-02	1.395587267242281160e-01	1.003201026606442663e-02
1.753103013957406919e-01	-5.920740566265064037e-02	-1.018587962145848791e-01
-1.436132459490421310e-03	9.975474426674846296e-02	-6.555887887455286167e-02
1.151729530332730803e-02	1.574870730191585411e-01	-1.854854050561082213e-01
9.845170775310185807e-02	-1.546898577722337076e-01	-1.834501146911832747e-01
1.934433801705412459e-02	-2.113032050849471613e-02	-1.010477868909939320e-01
2.083266301513676810e-02	-8.837975999976123431e-02	-5.306048574834754811e-02
1.801736748794063869e-01	-1.030029130486610628e-01	-1.590624427843294053e-01
5.117310207047565118e-02	-1.990820655876832379e-01	6.867736100735083449e-02
5.214427884122343343e-02	-1.381426516587298536e-01	-1.352883671792744491e-01
1.552812619873858990e-01	-6.643247532058777806e-03	7.559594570583674789e-02
4.962300470421883436e-02	-8.712733920779849872e-02	-1.205184555619370490e-01
3.398005528561142546e-02	1.286236088288659485e-01	-1.954064281625591537e-01
2.223703310450680648e-01	-2.536801219127261531e-01	-1.388694726453757189e-01
1.964704687541385386e-02	-1.477571719156298147e-01	-5.296880330223382310e-02
2.183781709018100259e-01	-1.179068433740245586e-01	-1.242466016359587005e-01
-7.868649358152482454e-02	1.912035145045879458e-01	-1.129296504295770193e-01
5.350062963129992993e-02	-1.755984433481709850e-01	4.789309470979145195e-02
3.237163942948741852e-02	4.122318329975648184e-03	-1.545028901340884386e-01
1.439497925821474900e-01	-1.016990231193962008e-01	3.151603255846908980e-02
2.479800927634029720e-02	1.408736796762322108e-01	-1.399302743749600564e-01
1.822500757568367227e-02	4.576711443222096498e-02	-6.145086617140359947e-02
1.024556451368134787e-02	6.962793986011200920e-02	-1.087528393250705161e-01
8.697468894277073093e-02	-2.232268845520806178e-01	-1.227638056262638777e-01
1.884274082870772971e-01	-4.982210840747990088e-02	-1.112444944939613989e-02
-4.915693204972104019e-02	2.560606085112970276e-01	-1.057509247273511754e-01
6.956169062692588861e-03	8.080525406187259729e-02	1.841945542392736668e-02
7.219982647315112412e-02	-1.770889413530681300e-01	-1.602162713414425343e-01
-9.128872145761848453e-03	2.123539087143529180e-01	-1.167885294831409876e-01
1.590748013354012780e-01	-2.193602850557373751e-01	-7.978851734736557011e-02
1.626706447648012532e-01	-1.611966422961089163e-01	-2.780277934982882532e-02
-1.567459941242869970e-02	1.052490648092502812e-01	1.140865079763038123e-02
3.029238439934440075e-03	-1.241166021789527479e-01	5.792605332720652395e-02
1.497755146836173834e-01	3.157629863922789548e-02	1.542532860349053909e-02
2.007878884506520967e-01	-9.507578684728809626e-02	-3.438190973135222400e-02
1.470822439588876165e-02	-3.886927273691667684e-02	-6.907568165824450046e-02
-1.274244043401909221e-02	1.639211017425474537e-01	-1.718563078713959413e-01
1.782312335940196002e-01	-6.557110286151825174e-02	1.712139373904455336e-02
4.029677465821795979e-02	-1.500077877490831046e-01	-3.501859399920295018e-02
2.799278707397483135e-02	-7.861253714573772367e-02	-1.008343632709851612e-01
8.032883814346503115e-02	8.890010348016098851e-02	3.705002421203455049e-02
1.366820133763767958e-02	1.647807171352344557e-01	-9.776986369569351520e-02
1.237682652563621283e-01	-2.050918536591065933e-01	-6.644305457066697340e-02
-3.469609411051132169e-03	7.269038727077815898e-02	-6.625574782478790836e-02
6.517044397204407868e-02	6.490909444356640634e-02	1.223552028115409973e-02
1.942035061585180300e-01	-9.012364437528000427e-02	-1.274252774706370606e-01
1.715938895161803479e-01	-2.301739327813872790e-02	-4.524894048320358964e-02
-2.099642068406312734e-02	1.069183652456633798e-02	-5.682383609232498356e-02
1.278448167150865178e-01	-1.331360673955110478e-02	-7.025515702871926171e-02
2.166136382430403073e-01	-1.314213933398736267e-01	-1.625695176587895474e-01
-6.023596843057956764e-03	1.232044890636527917e-01	-5.437200828912383543e-02
4.757803255500906575e-03	9.958608668388617413e-02	-1.635936509394166627e-01
4.338212922087996554e-02	-1.511401430168566318e-01	5.477911656035359261e-02
1.952758439438598004e-01	-6.304386365470342202e-02	-3.071375055386792868e-02
-3.900766758963905567e-02	1.986666221855837577e-01	-8.610999874581859448e-02
1.823834053790714116e-01	-4.119275950748664539e-02	-5.832173270885987471e-02
9.963164622935874806e-03	-8.627265215883529736e-02	1.548816535927086818e-02
-5.931344848938997077e-03	-5.453989828833523748e-03	-2.046140569896244543e-02
1.458803444936342397e-01	-2.413096023141907132e-01	-1.033238875750956409e-01
7.786267986506167915e-02	-7.548605013248382845e-02	7.212609428884053653e-02
4.824291627893651652e-02	-1.629062048668862284e-01	-5.621133328490907077e-02
7.072804552109207554e-02	-2.065230875388954501e-01	-7.986326314186374675e-02
1.244671123169814597e-01	4.398483008529278232e-02	1.148302744488181740e-03
3.692650891409820363e-02	8.540214847438991341e-02	3.990975214237979518e-02
-4.484233789347482485e-02	2.059336141507669415e-01	-1.597576407606288718e-01
9.349135039733369110e-03	-9.142530072662338747e-02	-7.767518383617817712e-02
3.333433956018785199e-02	-9.059401953822528164e-02	6.793730455839451510e-02
-8.392057943633818295e-03	1.620046506922290797e-01	-6.001926211567366887e-02
2.293343062999569082e-01	-2.010760823571652034e-01	-1.151272586278670601e-01
-1.931483745812854688e-02	1.410182742089674708e-02	6.707348733600621005e-02
2.310870543590427539e-01	-1.553145670964174441e-01	-1.109801379066698707e-01
1.362001234728889565e-01	-1.208325391822601957e-01	-1.824133063783840158e-01
1.273216930472026616e-02	2.068389105607488787e-01	-1.806051067001160915e-01
4.150254392326505060e-02	-1.490059689301180545e-01	2.283434051527451908e-02
1.007744082608025837e-01	-1.270556192757542613e-01	-1.677938474525131896e-01
8.243316817978144084e-02	-6.923254226598735128e-02	-1.120456223384985323e-01
-5.508849258883988242e-02	2.223215836051813110e-01	-1.443072897972120239e-01
8.369025781943055867e-03	5.657721985223956168e-02	9.926656046832202027e-03
2.408524984022621107e-02	3.359636981185679799e-02	1.732498563965662649e-03
-8.933564472496165199e-03	3.345664330324116253e-02	-4.697937878547932267e-02
2.080503373450265925e-01	-1.855797316139390640e-01	-8.013722400883872832e-02
4.756941026995114424e-02	-1.557464317601355008e-01	8.146466188331596969e-02
5.632405604437525776e-02	1.372324137322188282e-02	-3.100001620250969134e-02
6.388932410721297195e-02	1.177683564832018998e-01	6.754656740031092510e-02
1.253455649059480748e-03	-9.878964907483514524e-02	-1.049419128912483165e-02
2.141325935708040806e-01	-2.066415040015429361e-01	-9.873185609929545359e-02
-3.165531467454917036e-02	1.529385315746314977e-01	-1.631018387985409546e-01
2.385245676054675856e-02	-4.975427550458642184e-02	-1.014208884090326557e-01
6.222453602236216463e-02	-2.263448906977737762e-01	2.889106353712338898e-02
3.422663877261312992e-02	5.294376389871466998e-02	-1.764672861497319223e-01
-2.715708904559442638e-02	1.305603159159282600e-01	7.441385753797140346e-02
5.832325259996208773e-03	1.287113436281203671e-01	-1.251325959585009029e-01
-8.254961484601867211e-03	-6.394551285849650601e-02	-6.225319037041397024e-02
1.626272329411018736e-01	6.536117138239386226e-03	5.439294180535745454e-02
1.082906191522572253e-01	-2.590884417335306833e-01	-1.604501234207829641e-01
1.362594028119511746e-01	5.480914085479337075e-03	-4.338684629587562930e-02
1.516001673845882303e-01	-1.071955104874244141e-01	-1.711625420448620871e-01
-2.029299425870443110e-02	1.771273360737893876e-01	-1.224105858791830342e-01
-1.713661648394923910e-03	1.127676264958702712e-01	4.856725941184217993e-02
1.467911389363939501e-01	-2.955236825375194831e-01	-1.804619725535866470e-01
9.902955409914419860e-03	1.028831914720602370e-01	-1.285579430260056777e-01
2.095098029845061244e-02	9.141439165385276122e-02	-9.185352252424559827e-02
-9.133389293785636187e-02	2.347078589958777883e-01	-1.010610684755211819e-01
1.922270596012392863e-01	-2.284570159198249795e-01	-9.878533009625561911e-02
3.455783026719232848e-02	9.217344919269285231e-02	-1.785083471855843373e-01
1.994529809932855391e-01	-1.595640394528751449e-01	-5.536249096555230509e-02
1.344824288065581824e-02	1.937066101961350539e-01	-1.381572231855754396e-01
2.034206200735012848e-02	6.460443957092500133e-02	-1.580165293615010402e-01
1.675720726526697124e-02	6.374699634350272648e-02	-1.847543737552010401e-01
-5.446971858447192949e-02	3.760488043305783290e-02	-4.485186732392836689e-02
1.576818280158080125e-03	1.315749114830580824e-01	-1.030713387685786853e-01
-4.493909776746719820e-03	-7.626816241387786299e-02	-3.647514980747973423e-02
7.093293005289967763e-03	1.336824793458759597e-01	-2.935900568370854169e-02
-4.689314457521170237e-02	1.490794645809531867e-02	-7.473632646415023784e-02
1.386937555592816958e-02	4.076135995372924536e-02	-1.184505891386099241e-01
4.534702203490410116e-02	-1.256635081576871205e-01	2.011189132163200208e-02
8.209622522153370294e-02	-2.059762285883327548e-01	-1.651057617175260839e-01
8.269910198252929112e-02	-1.716102628826016441e-01	-3.267808196035366236e-02
-2.198773193375760937e-03	1.237749572805845050e-01	-7.674561192756132466e-02
3.448900541459189173e-02	-3.050406589674396068e-02	-1.706293641631795865e-01
3.879092139152522621e-03	-5.197122133172643599e-02	-2.499667525842524940e-02
1.455672520716978224e-01	5.507855261954224674e-02	6.588622127512229476e-02
-1.474604503510877629e-02	1.197700991521803704e-01	-4.830874314996129633e-03
1.738383431177824290e-02	1.719694377313214506e-01	-1.260546739027609553e-01
-4.152075853317602205e-03	8.712012863235482629e-02	-4.250599552541366177e-02
1.794447257177550215e-01	-1.328695650640905335e-01	-1.815586445017851325e-02
2.103322204934153783e-01	-9.536918472337471697e-02	-8.250425483370860125e-02
-1.219244555548993844e-02	-1.459253957695587633e-01	7.214162653376948731e-02
2.792457090263938263e-02	-9.963262511720673287e-02	-7.011186169052634198e-02
1.739733553613603476e-02	5.754192773869043487e-03	-5.364320110697064214e-02
2.055918304208733394e-01	-1.349696300264627835e-01	-5.242917268567630351e-02
2.378043679583276004e-01	-2.105137265562040672e-01	-1.323629832674134421e-01
6.275101201230290360e-02	-1.593060689082798909e-01	-1.525760609427726511e-01
6.927776358311413252e-02	-1.976637283115337540e-01	5.785190421704614755e-02
1.982540563415860838e-02	-1.107321938016428281e-01	-4.337126701327707022e-03
-6.880029400717784654e-03	1.359496634731001963e-01	5.649840527727107570e-02
3.173645538036262009e-02	-1.392562202242541430e-02	-1.434184782109676204e-01
7.533116778828898019e-02	-1.589763502814436624e-01	-1.755455462178748816e-01
-6.974351544971579830e-02	1.758495738613418402e-01	-1.409552439303385085e-01
2.899940184672803942e-02	4.005196246210097899e-02	-1.369259922386312223e-01
1.110771765842558656e-01	-2.182087983173434942e-01	-9.034762592232244149e-02
1.438987104487838564e-01	-1.535555495277388383e-01	-1.292762675906464209e-02
1.513375927403355116e-02	7.947277115366807587e-02	-4.804514618994164959e-02
2.507938621395181533e-01	-1.926213211142304149e-01	-1.678088814772670800e-01
1.037180220840504125e-01	6.212658857652687133e-02	1.277637065504533612e-02
5.118362832992652545e-02	-1.619137855398257997e-01	-7.774614307835919780e-02
1.876918634288787802e-01	-6.075209765018973335e-02	-8.502248232926630511e-02
1.212324593558358234e-02	1.272626855209873630e-03	-1.488737041048239507e-01
-1.301937613568980372e-04	1.541786238110018914e-01	-1.105308280628109763e-01
2.516910728920580126e-02	1.712526509404901087e-01	-1.689920716980327919e-01
8.109846882327456305e-03	3.903069152354138316e-02	-8.062057719487915330e-02
2.803854930013918376e-02	-1.166726981192821033e-01	3.608037840207087288e-02
-1.003267432410559316e-02	1.035233048540393913e-01	-2.004441548582502203e-02
1.113733238853509416e-01	-7.819660259311360384e-02	6.653421115705766831e-02
1.747559707181447208e-01	-1.977734110804414969e-01	-6.464204768193657080e-02
4.820229500584756466e-03	-1.013098920209196119e-02	-4.120356969147231929e-02
1.443380924141622057e-01	-3.243363989349624943e-02	-8.677424591621239747e-02
1.744641595125296374e-01	-8.842502970412036145e-02	1.396224606405327938e-02
2.755668539777748546e-02	1.005488571892788480e-01	-1.391791392863521992e-01
1.083109674386636689e-01	-8.871580589824662466e-02	-1.423150258758562325e-01
1.516220687312799797e-02	1.358000438339010407e-01	-8.088206468543479577e-02
3.988096697358849835e-02	7.037458685938753622e-02	2.567714757473094772e-02
4.433394343955482375e-03	1.270350865867704848e-01	-6.748346310218899732e-03
1.715209816339981763e-01	-2.778209397267388248e-01	-1.427397900992839752e-01
-4.351735159363802341e-03	2.036874615740928152e-01	-1.358880931129523573e-01
1.257983697223531878e-02	1.338736489585554135e-01	-1.625575166705737484e-01
-2.359866560940110033e-02	1.004014878403759053e-01	6.577991360985452340e-02
1.086137525340939852e-01	-1.700228041992057904e-01	-2.968100183680732335e-02
5.458484423558308124e-02	1.326489707058489953e-01	8.285117982495410205e-02
1.495279864217395061e-01	4.093106617656971924e-02	3.970204324318896139e-02
1.018738429081909175e-01	-1.537747128882312464e-01	-1.256985387186079425e-02
8.985369919765269497e-02	-2.297543155459589870e-01	-1.744385116165120542e-01
-9.556822269040842963e-03	6.760009989809627473e-02	2.477440084120050359e-03
1.444823749564164705e-01	-2.720329892681070949e-01	-1.414920574682003718e-01
2.277830664271798533e-01	-1.358915142142950172e-01	-1.252352196741634560e-01
-3.123205492462473656e-02	6.182190623381205591e-02	7.545609549268031402e-02
7.784376788761329657e-02	-1.397364287591466858e-01	-2.426274565388764323e-06
1.438381689483160808e-01	-4.928850463124930664e-02	7.034667888201744101e-02
1.777274846872002600e-01	-2.531238410877172940e-01	-1.162256307241020664e-01
-1.153820481877898541e-02	1.572423215523091333e-01	-3.647205332502504588e-02
-2.168999280850864714e-03	1.747242867659500043e-01	-1.072104483774488498e-01
4.150495164196916359e-02	-1.437127477164244493e-01	-5.812102429749135130e-02
1.264439698252079747e-01	-1.225056223892347779e-01	2.082394511047076097e-02
-7.865347786463765256e-02	2.007685968511156993e-01	-8.851561058956534944e-02
6.847558351186000536e-02	1.004029810963958241e-01	4.843937026880880403e-02
1.579138646394270540e-01	1.549893512235071998e-02	1.293631198826523119e-03
2.429858368582725470e-01	-2.756941986753677631e-01	-1.737769859083672375e-01
2.524886854844638970e-02	1.236205495944256993e-01	-1.294334908282806229e-01
-3.520265235944843810e-03	1.823816616799470436e-01	-6.074484840326371815e-02
-1.885116133357950599e-03	-4.170743085776491832e-02	9.439073882974335222e-03
3.201051713626992118e-02	1.124984596387676034e-01	6.537496115712999878e-02
1.424873809990044246e-02	-1.292790915136895202e-01	-4.509451034320140911e-02
9.264894946146065569e-02	3.011840343082092600e-02	-2.586599839079391228e-02
-1.632532332088534530e-02	4.694922048289583427e-02	2.562965528568927204e-02
2.273440180535155411e-02	3.560475588089578175e-02	-9.378759512839700274e-02
-1.102323755879514250e-03	1.422694105680763210e-01	-1.819975315540336147e-01
2.078929591662398782e-02	1.112466689196242725e-01	-1.907433598971743915e-01
9.184065378884080297e-03	1.532096767250144820e-01	-1.591365320626632884e-01
1.869576495792580895e-01	-6.751650151554375312e-02	-7.642810189110853811e-04
1.580320523645755912e-02	7.436855724673870072e-02	-1.401364825758144583e-01
-2.044741695783653876e-02	1.686404064693453608e-01	-1.488207867979113030e-01
1.694611367943201496e-01	-1.772661206614911944e-01	-4.481050432902936032e-02
-8.139265196123238871e-03	-4.585424703300466226e-02	-5.156634787069631909e-02
2.206995958213373021e-01	-1.269718905579459156e-01	-1.417570915517884500e-01
2.316688385000456041e-01	-2.350479755173750240e-01	-1.351194877630816638e-01
2.562580952798458322e-01	-2.343522666813776523e-01	-1.724142213855033856e-01
1.116105437832209252e-02	4.190586834589642151e-02	-1.084104716586243959e-02
-2.328841507758706506e-02	1.910134658108273986e-01	-1.620410986471978454e-01
-2.114302850489162278e-02	-9.103496927349120221e-03	-5.759555943314924320e-02
1.269232637079006042e-02	1.199917508055476506e-01	-4.924508741566763215e-02
5.645659344471397334e-02	-1.838055391281603057e-01	6.913615955655692293e-03
4.250621265629179329e-02	-1.212252151082468393e-01	6.135551209448566329e-02
5.520749780569040449e-02	4.236745127947817713e-02	-6.169674827813574625e-03
3.337766668917793028e-02	2.257385088500647730e-02	-1.654454554777692044e-01
1.611750597666068152e-01	-2.675646967582706939e-02	-6.744923493699767070e-02
5.974213524907032169e-02	-6.911208805155213963e-02	7.449347307664967721e-02
-4.625736052423275180e-02	2.545546689042614275e-01	-6.264479369655104324e-02
2.404579610680790680e-01	-2.566328925818209816e-01	-1.585683700852379419e-01
6.282166247349225963e-02	-4.900124124095076722e-02	-8.572898437141827921e-02
9.848474478950772215e-02	-5.076890928478378084e-02	-1.057283010000067830e-01
-7.322423742923068329e-03	-8.258953614997351089e-02	-8.100679410559059879e-02
-7.365746053955075055e-03	1.430259960692533971e-01	-6.217490184615696858e-02
7.926382117879499090e-02	-6.290092939709128472e-02	8.613228660340020715e-02
-1.451342936682658603e-02	1.486222486201619342e-01	-8.503627639052801709e-03
1.962353157732971698e-01	-1.133750530645921822e-01	-1.611213157235928950e-01
-3.410028765624448926e-02	2.432698161557246552e-01	-1.031327508981589314e-01
-3.120880062171391134e-02	2.072703972933346087e-02	-2.738802644596960434e-02
3.472836227265150427e-02	-2.131718193770653150e-02	-5.390846908064380466e-02
-8.989253345293976571e-02	2.182472533235057799e-01	-8.456733485392635419e-02
2.902486175871390670e-02	1.243177289884086906e-01	-1.582681329145041449e-01
-7.702002518388481600e-02	2.183609007596725715e-01	-1.321475964693649141e-01
-8.466597238215570198e-02	2.634734471574129433e-01	-8.882340200284678799e-02
1.896584223045537643e-01	-2.702511571055888351e-01	-1.362410732534537205e-01
3.150809794965351868e-03	1.054535723336869207e-01	2.506836792682866702e-02
-4.265951506771697879e-04	-1.033397530226472794e-01	1.502718345194903847e-02
9.463693069042869097e-03	5.977664238052425583e-03	-7.258214301847955296e-02
-4.029052102247977774e-02	2.321779137091563305e-01	-6.579481419746692483e-02
-8.928435603386675190e-02	2.356901148663956280e-01	-6.265402557762186908e-02
4.958805098055743543e-02	-1.564196217400389277e-01	-9.562679251388923884e-02
3.820954393569342411e-02	-1.342865135399902710e-01	7.374812806885967797e-02
7.556216865261257409e-02	-2.094479163782803077e-01	-1.167318073368819598e-01
1.517116903156640884e-01	-2.546747078055718871e-01	-1.176431704679794382e-01
7.023884950305123165e-02	7.101209405714323936e-03	-4.302699592186713662e-02
-7.014429075740574726e-02	2.301958510875405373e-01	-5.202936966368901933e-02
-2.446356330287503128e-02	2.219475222842462736e-01	-1.216380727875728401e-01
1.548616806368865451e-01	-4.404001599403142148e-02	-9.655403995850374288e-02
-1.034121570919882376e-02	1.895190176200843846e-01	-1.489565037644920986e-01
1.720285549748568413e-02	6.400232835068227211e-02	-5.865900620616059519e-02
-1.401462436160013855e-02	9.136713327588015174e-03	1.524592364499454539e-02
1.822973405801661395e-01	-9.044642061033750235e-02	-1.410636955789748848e-01
2.207999338597811320e-02	-1.447137703040138855e-02	-8.253648666156543356e-02
1.448701397942283794e-02	5.132468246452316640e-02	-3.582572342218325739e-02
7.086201599705151122e-02	-1.939762380298355182e-01	7.755461835536676951e-02
-3.757512149410355273e-02	-1.258352118986857428e-02	-6.492530759695806786e-02
1.917474226918683133e-01	-5.280282225452703759e-02	-4.816948346040469259e-02
-3.705771645414945165e-02	4.229123074572248980e-02	-4.327983384631494540e-02
-5.690406387647960890e-02	1.718076301225516245e-01	-1.582829867536450219e-01
6.130678405842779344e-02	-1.863618294378590334e-01	-8.587663954470195482e-02
1.828848763319837201e-01	-4.947043666847680127e-02	9.436716124233138908e-03
-2.214474211354022955e-03	3.648874910139775912e-02	-2.349672458636688568e-02
1.764753071154847586e-01	-1.143035853587160838e-01	-1.741100545418518553e-01
7.617056265541455318e-02	-1.305580240936499332e-02	-6.241686185457815533e-02
1.741310582637428106e-01	-1.170960822698305370e-02	1.163725150289183878e-02
1.216103449449584539e-01	-1.023391581530774946e-01	4.124184323251962186e-02
2.357837186159797982e-01	-1.603063949214076078e-01	-1.279893636373260202e-01
-2.390643610203010624e-02	2.326602906518708894e-02	-4.397281536680977543e-02
-4.437780371327263579e-02	7.881857515896071448e-03	-3.612155277817540033e-02
8.783390047366236575e-02	-1.213540055732319628e-01	2.176389876627429429e-02
1.347805292313054848e-01	1.982070285973317955e-02	-2.427514955484301115e-02
2.286553134060546888e-02	1.055434515797162714e-01	-1.106330362394148531e-01
4.013625995488912489e-03	8.980790930510430814e-02	-8.627203441134630169e-02
9.542960079003449947e-02	-1.092678249647395933e-01	3.665750759673622877e-02
5.246165429223387938e-02	-1.418239234164201390e-01	3.103093566576706902e-03
-1.100752072185682759e-03	1.467017682010225144e-01	1.399226153310902110e-02
3.645909982359771956e-02	3.531410745909530774e-02	-1.880960267773705286e-01
1.578044045302161580e-01	2.544024142304255123e-02	3.060580055384670706e-02
1.174422310789272408e-02	-5.732283250048063328e-02	-6.255864727552826188e-02
-1.528462331635695171e-02	8.468508173215259782e-02	2.552343671628163474e-02
3.229144987376645487e-02	-7.325133718065761357e-02	7.711214272747071719e-02
-1.056079492946661140e-02	-1.931786437641302631e-02	5.496236756992937955e-02
1.169788292626051072e-02	1.812195173753376465e-01	-1.960863670765679301e-01
4.714713505210499020e-03	1.598680786960139377e-01	-4.364427926047498990e-02
1.052947624767230084e-01	-2.450109558524849462e-01	-1.399705385098330979e-01
1.304760340283515063e-01	-2.337922440347626474e-01	-9.924455957484788760e-02
-2.745785034640124255e-03	-8.561896073779323713e-02	1.032985713074449034e-03
1.569362332272260796e-01	-7.436269341781162612e-02	-1.338354739587290509e-01
5.134452589244630806e-03	8.216742157774102606e-02	3.592179372120053032e-02
1.329474916591793787e-01	-2.850286705064469794e-01	-1.762511722126465785e-01
-4.778726132063262216e-02	1.706003461978601587e-01	-1.108269240537731043e-01
1.446352448223267306e-01	-2.555239608532701434e-02	8.294752512009896661e-02
1.256085894242499508e-02	-1.302618403285611126e-01	-1.321730241524492590e-03
2.384724508885437827e-02	9.882995312200323901e-02	5.744038125928059568e-02
-7.395000668903474461e-02	1.933142335193957229e-01	-1.427816664734849750e-01
1.325809659761569836e-01	-1.953384072920789083e-01	-5.414362339866322926e-02
1.936002185389926189e-01	-8.089110724598481961e-02	-1.123584440707413590e-01
2.348814983260485642e-02	-1.065410417343601729e-01	-4.187237068405054441e-02
1.099011075071612900e-02	-1.171415879401692672e-01	-3.263254803043023899e-02
4.597595447978826237e-03	1.525396538169556948e-01	-1.364895524039138885e-01
5.303952299091028652e-03	5.459119572932183417e-02	-7.291029921490035925e-02
2.277421973007270634e-03	-9.413022741720034059e-02	-5.213819735063251332e-02
1.578391605234846784e-01	1.186650038313743181e-02	7.037300722202501080e-02
1.647996649638495612e-02	1.477055108406401251e-01	-9.776106795689749884e-02
1.660325511825829770e-01	-1.216318273003078460e-01	8.847271265163646333e-04
-1.486320170633469552e-03	-1.284022656694341902e-01	-2.311973564998454772e-02
-1.130008590936003310e-02	1.380538778630925612e-01	8.228216337419727577e-02
4.285756536683087842e-02	-1.804363306407414935e-01	7.132298726987884585e-02
1.867574038147889748e-01	-3.014680550345057997e-01	-1.726417645430016468e-01
-5.330342276147741025e-03	1.176480514661500804e-01	6.901562129296021086e-02
4.519070226198726448e-03	-1.025161837644275181e-01	-9.065374743369153387e-02
1.761145406443408168e-02	-1.394689728457710887e-01	-3.167134012523926956e-02
7.712224087264555987e-03	9.463263328788464046e-02	7.765814436322318777e-03
1.107904917507623599e-01	-1.132283159462997707e-01	-1.647420588067284863e-01
6.067300949919701009e-02	-1.367632727435764972e-01	-1.588894760168312603e-01
6.766521309284966035e-02	-1.675501492818464166e-01	-2.499762492869296582e-02
1.102745496895137511e-01	1.040810843183046785e-01	7.792003256275963075e-02
1.572747345218403203e-02	9.637756427870865228e-02	-5.766216729829295312e-02
1.357605304034164295e-01	3.259372481855404846e-02	-4.573083979115246701e-03
9.160860703976064778e-02	-2.280207928562675013e-01	-1.385374526400170170e-01
2.572696616726682494e-03	-5.258451341194825962e-02	-7.768116300884453894e-03
1.564274035378180883e-01	-1.927090078623496239e-01	-5.328822294000057358e-02
1.710650280217266075e-02	2.041662656037604787e-02	-1.274252976593620058e-02
3.137063819495409384e-02	1.315808064072404859e-01	-1.786495634255093334e-01
1.001154957381741178e-02	8.347505491449287718e-02	-9.352495319411763264e-03
8.398278714653480137e-02	-2.165174606202333596e-01	-1.518658255289102588e-01
2.091684110148384346e-01	-9.560205672010736733e-02	-6.533103539863759079e-02
-7.100795245526179966e-02	2.070257135883445399e-01	-7.227164331892119153e-02
1.616837141499814778e-01	-3.060825382116280635e-01	-1.861677296363816181e-01
1.399101856964831692e-01	-8.918555759518916048e-02	-1.519790517055939205e-01
7.394325469678629525e-02	-2.021375709331686144e-01	-6.378680842096159931e-02
8.450695339257472197e-03	-8.628083245515362487e-02	5.078305699434926268e-02
1.774795946741669905e-01	-3.383219911885187309e-02	2.169516771759464127e-02
5.710807336303148907e-02	-1.695196614964934179e-01	-1.033733081456203878e-01
5.949563521354231388e-02	-1.830801695694631304e-01	2.797891158234837652e-02
1.533398261681944430e-01	3.388424813854248874e-02	7.152827609334017067e-02
3.807465307770786095e-02	-1.035893168006697118e-01	-1.208909168806016482e-01
6.648100085604784215e-02	-1.840979459667098639e-01	-1.223903994477206075e-01
1.509917477544223396e-01	-2.300622272149610015e-01	-9.038113801765623734e-02
8.375592306487371352e-02	-2.357556038152715805e-01	6.455724166815129950e-02
-1.268965421672861062e-02	1.556273685742365909e-01	5.019523042076896868e-02
1.343093235210862380e-01	7.609801471196593614e-02	7.694580176199271315e-02
1.344976356219610217e-02	-8.843352055356307195e-02	-4.570304951989880016e-03
5.648419185550505178e-02	-2.857607967019770018e-02	-6.321466061952528415e-02
