-1.392241567373275757e-01	-3.844068199396133423e-02	-2.303081899881362915e-01
1.279217749834060669e-01	-3.277316093444824219e-01	1.897436380386352539e-01
-1.183094382286071777e-01	1.123983561992645264e-01	2.390425950288772583e-01
-2.354494184255599976e-01	4.176406860351562500e-01	-1.209892556071281433e-01
1.564817875623703003e-01	-2.413485497236251831e-01	-1.790759265422821045e-01
-2.656790912151336670e-01	1.411710232496261597e-01	-3.666253387928009033e-02
1.357428282499313354e-01	-5.443428084254264832e-02	2.331548333168029785e-01
1.075343191623687744e-01	7.406818121671676636e-02	-2.391837686300277710e-01
-1.056551635265350342e-01	2.272113412618637085e-01	-2.437533587217330933e-01
2.514767646789550781e-01	-1.835255324840545654e-01	3.870073705911636353e-02
2.174683809280395508e-01	-3.877515792846679688e-01	-3.810371831059455872e-02
-2.401947826147079468e-01	2.751921713352203369e-01	1.174209117889404297e-01
4.566894844174385071e-02	-1.083907410502433777e-01	-2.652831971645355225e-01
2.180835306644439697e-01	-6.084930524230003357e-02	-1.526249498128890991e-01
-9.010093659162521362e-02	2.847707271575927734e-01	2.501150965690612793e-01
5.845504626631736755e-02	9.630984067916870117e-02	2.596058249473571777e-01
-3.045885451138019562e-02	-5.100707709789276123e-02	2.676905095577239990e-01
3.593218326568603516e-02	-2.022433131933212280e-01	2.491484582424163818e-01
-1.990683525800704956e-01	1.123974770307540894e-01	-1.778456419706344604e-01
-2.350100129842758179e-01	2.591985762119293213e-01	-1.286345422267913818e-01
-2.328130900859832764e-01	1.171032786369323730e-01	1.357871890068054199e-01
-3.945745527744293213e-02	9.325172752141952515e-02	-2.608893513679504395e-01
1.802964359521865845e-01	-1.856345683336257935e-01	1.834165006875991821e-01
-2.680517435073852539e-01	3.233487308025360107e-01	-8.278282359242439270e-03
2.128987908363342285e-01	-3.093653023242950439e-01	8.497674018144607544e-02
-1.589085906744003296e-01	3.457573652267456055e-01	-2.124691605567932129e-01
2.252015769481658936e-01	-2.618238627910614014e-01	-6.487103551626205444e-02
2.651855647563934326e-01	-8.932143449783325195e-02	-3.711070865392684937e-02
-1.722658872604370117e-01	2.171054929494857788e-01	2.047705948352813721e-01
1.521758139133453369e-01	-1.280751675367355347e-01	-2.196750640869140625e-01
1.713330000638961792e-01	-3.476796746253967285e-01	-1.448039114475250244e-01
-1.138076838105916977e-02	-1.260485313832759857e-02	-2.659862339496612549e-01
-2.087147906422615051e-02	1.697573810815811157e-01	2.675147354602813721e-01
-2.329009920358657837e-01	3.813475072383880615e-01	1.380719989538192749e-01
4.523834958672523499e-02	-2.122613042593002319e-01	-2.428745776414871216e-01
1.452335417270660400e-01	-2.244706824421882629e-02	-2.218719869852066040e-01
2.107897400856018066e-01	-8.325792849063873291e-02	1.669835150241851807e-01
2.355710417032241821e-01	-1.551412492990493774e-01	-1.150136291980743408e-01
-2.667335867881774902e-01	2.176327705383300781e-01	2.928911335766315460e-02
-4.343828186392784119e-02	4.920779541134834290e-02	2.608360946178436279e-01
-1.686629354953765869e-01	3.516505286097526550e-02	2.051220983266830444e-01
5.510693043470382690e-02	-9.898789227008819580e-02	2.662844657897949219e-01
-1.640054583549499512e-01	3.330152034759521484e-01	2.096917033195495605e-01
-1.308758407831192017e-01	5.788124725222587585e-02	-2.303960472345352173e-01
-1.870292127132415771e-01	2.112177312374114990e-01	-1.926089823246002197e-01
6.682971864938735962e-02	-7.414604187943041325e-04	2.587270438671112061e-01
-4.907998070120811462e-02	-1.454748064279556274e-01	2.632087767124176025e-01
-1.943229883909225464e-01	1.419761870056390762e-02	-1.827667504549026489e-01
1.598211079835891724e-01	2.860943414270877838e-02	2.094280868768692017e-01
1.156190037727355957e-01	-2.388880103826522827e-01	2.119764983654022217e-01
-2.613731026649475098e-01	4.189588427543640137e-01	-3.649557009339332581e-02
-2.418644279241561890e-01	1.634038835763931274e-01	-1.179135590791702271e-01
-2.640973031520843506e-01	1.316363811492919922e-01	4.815629869699478149e-02
2.330226153135299683e-01	-1.552291512489318848e-01	1.238359212875366211e-01
-2.627791166305541992e-01	2.271234542131423950e-01	-5.545941367745399475e-02
3.568612784147262573e-02	1.315836459398269653e-01	-2.622953951358795166e-01
9.118920564651489258e-02	-2.805416882038116455e-01	-2.131721824407577515e-01
-3.030946478247642517e-02	1.984492242336273193e-01	-2.641408145427703857e-01
1.287126690149307251e-01	-1.455626785755157471e-01	2.347366213798522949e-01
-1.269213706254959106e-01	1.483417749404907227e-01	-2.357565462589263916e-01
6.821817159652709961e-02	-2.719242498278617859e-02	-2.580772936344146729e-01
-2.609337270259857178e-01	6.112390384078025818e-02	-4.977377504110336304e-02
-6.756050139665603638e-02	-7.042787969112396240e-02	-2.614166140556335449e-01
2.290681451559066772e-01	-3.141985535621643066e-01	-3.547866130247712135e-03
-2.598792016506195068e-01	3.520844876766204834e-01	6.791102886199951172e-02
-2.516187727451324463e-01	3.266880512237548828e-01	-8.917780220508575439e-02
-2.328130900859832764e-01	1.983525604009628296e-01	1.378962397575378418e-01
2.062201499938964844e-01	-2.401182800531387329e-01	1.227814033627510071e-01
2.486647069454193115e-01	-1.901163011789321899e-01	-4.622354730963706970e-02
-9.897650778293609619e-02	-3.289895830675959587e-03	2.481818050146102905e-01
-9.264937788248062134e-02	1.887827664613723755e-01	2.516090273857116699e-01
1.908416748046875000e-01	-1.736833006143569946e-01	-1.738032996654510498e-01
-2.151498347520828247e-01	3.266001641750335693e-01	-1.557006537914276123e-01
-1.757809519767761230e-01	1.413907110691070557e-01	2.025736719369888306e-01
-2.370312064886093140e-01	8.360282331705093384e-02	-1.217801496386528015e-01
-7.705121487379074097e-02	1.595515385270118713e-02	-2.538592219352722168e-01
2.664158642292022705e-01	-1.053150370717048645e-01	3.267237916588783264e-02
2.103503644466400146e-01	-3.286982476711273193e-01	-8.331640809774398804e-02
1.757268309593200684e-01	-3.477675318717956543e-01	1.414113193750381470e-01
2.334619909524917603e-01	-2.517180144786834717e-01	2.924517728388309479e-02
-2.006501406431198120e-01	3.984835147857666016e-01	-1.774062514305114746e-01
2.067473977804183960e-01	-2.319457232952117920e-01	-1.239770725369453430e-01
9.101345390081405640e-02	-1.553170084953308105e-01	-2.461260408163070679e-01
1.644986122846603394e-02	5.467373877763748169e-02	-2.619438767433166504e-01
-2.028470635414123535e-01	2.751921713352203369e-01	1.740136593580245972e-01
-1.881269970908761024e-03	-1.557564139366149902e-01	-2.643165588378906250e-01
-1.643569618463516235e-01	2.719407081604003906e-01	-2.079874426126480103e-01
1.605241298675537109e-01	-2.677995264530181885e-01	1.724318712949752808e-01
1.063919216394424438e-01	5.253832787275314331e-02	2.406243830919265747e-01
2.102624922990798950e-01	-3.797547519207000732e-01	7.255093753337860107e-02
1.047222539782524109e-01	-8.000647276639938354e-02	-2.465654164552688599e-01
-4.894816502928733826e-02	2.367020547389984131e-01	2.620663642883300781e-01
-8.365955948829650879e-02	-8.475182950496673584e-02	2.592543065547943115e-01
-2.611094713211059570e-01	2.846828699111938477e-01	5.822699517011642456e-02
-1.918624490499496460e-01	3.903109729290008545e-01	1.909739226102828979e-01
2.462920248508453369e-01	-9.591219574213027954e-02	1.081059500575065613e-01
1.699269711971282959e-01	-1.052271649241447449e-01	2.100432217121124268e-01
-1.124016568064689636e-02	1.027336418628692627e-01	2.665480971336364746e-01
1.358307003974914551e-01	-1.939828693866729736e-01	-2.127327919006347656e-01
1.950597614049911499e-01	-1.945925317704677582e-02	1.806923151016235352e-01
2.458526492118835449e-01	-8.958506584167480469e-02	-1.056986674666404724e-01
-2.672608792781829834e-01	8.354131877422332764e-02	1.023739110678434372e-02
7.249144371598958969e-03	1.604303345084190369e-02	2.664602100849151611e-01
1.797691732645034790e-01	-7.042787969112396240e-02	-1.986724883317947388e-01
-1.422119736671447754e-01	2.655256986618041992e-01	2.265640795230865479e-01
-2.495975941419601440e-01	4.178164303302764893e-01	8.854454755783081055e-02
1.844266504049301147e-01	-2.904717624187469482e-01	-1.379495114088058472e-01
1.353034526109695435e-01	-3.190317451953887939e-01	-1.830303817987442017e-01
-1.930048465728759766e-01	8.838333934545516968e-02	1.857012957334518433e-01
-1.086229365319013596e-02	-8.009435236454010010e-02	-2.696770429611206055e-01
9.162858873605728149e-02	-1.919617056846618652e-01	2.371971905231475830e-01
2.656249701976776123e-01	-1.417839676141738892e-01	-1.302363630384206772e-02
-2.550459504127502441e-01	2.271234542131423950e-01	8.482734858989715576e-02
-2.661184668540954590e-01	4.085893630981445312e-01	1.961386203765869141e-02
1.011193022131919861e-01	1.595515385270118713e-02	-2.424352020025253296e-01
-2.513551414012908936e-01	8.280314505100250244e-02	8.938816189765930176e-02
-2.009570365771651268e-03	-9.898789227008819580e-02	2.730509936809539795e-01
2.658207528293132782e-02	-5.100707709789276123e-02	2.676905095577239990e-01
2.626571804285049438e-02	-1.460899412631988525e-01	2.658450603485107422e-01
-2.072409093379974365e-01	3.425059020519256592e-01	1.686531603336334229e-01
-1.598752290010452271e-01	-2.235918864607810974e-02	2.157552093267440796e-01
-9.862500429153442383e-02	9.963158518075942993e-02	-2.455109059810638428e-01
2.208955883979797363e-01	-3.872242569923400879e-01	1.927993074059486389e-02
-7.159405946731567383e-02	1.314781904220581055e-01	2.589906752109527588e-01
2.179956436157226562e-01	-1.226267814636230469e-01	-1.547340154647827148e-01
-2.100529670715332031e-01	3.498930111527442932e-02	1.626775413751602173e-01
-1.389605253934860229e-01	1.697134524583816528e-01	2.319245636463165283e-01
-1.741991639137268066e-01	6.125572323799133301e-02	-1.987603604793548584e-01
1.213310137391090393e-01	-3.114138962700963020e-03	2.372850626707077026e-01
-1.089944839477539062e-01	4.873325675725936890e-02	2.414152771234512329e-01
-2.206860780715942383e-01	2.047675698995590210e-01	-1.517461836338043213e-01
-2.402826398611068726e-01	3.329273164272308350e-01	1.175087764859199524e-01
-2.615488469600677490e-01	2.909221351146697998e-01	-5.143465101718902588e-02
-2.029349356889724731e-01	2.719407081604003906e-01	-1.719578802585601807e-01
-1.767476052045822144e-01	1.540362089872360229e-01	-2.012208998203277588e-01
9.672545641660690308e-02	-2.926687002182006836e-01	2.117128819227218628e-01
-2.545187175273895264e-01	1.124616190791130066e-01	-8.249036967754364014e-02
-4.917664453387260437e-02	1.508023291826248169e-01	-2.617681324481964111e-01
1.116645410656929016e-01	-9.898789227008819580e-02	2.466879040002822876e-01
-1.494178771972656250e-01	1.920078396797180176e-01	-2.221356332302093506e-01
2.632723003625869751e-02	1.506880968809127808e-01	2.662844657897949219e-01
-2.560126185417175293e-01	3.903109729290008545e-01	-8.327247202396392822e-02
2.290681451559066772e-01	-2.008372843265533447e-01	1.001970246434211731e-01
-2.988765574991703033e-02	3.505960106849670410e-02	-2.609772384166717529e-01
-2.677002549171447754e-01	2.751921713352203369e-01	1.023739110678434372e-02
-2.590004205703735352e-01	1.697310209274291992e-01	7.888686656951904297e-02
9.039831161499023438e-02	-2.216641157865524292e-01	-2.260022014379501343e-01
-2.269253581762313843e-01	3.847801312804222107e-02	-1.381252557039260864e-01
2.574523985385894775e-01	-1.458262950181961060e-01	-6.498528271913528442e-02
1.828448772430419922e-01	-1.286848820745944977e-02	-1.924332231283187866e-01
-2.126892805099487305e-01	1.507408171892166138e-01	1.646108329296112061e-01
-2.445007264614105225e-01	2.112177312374114990e-01	-1.093894988298416138e-01
-6.886987388134002686e-02	2.561228573322296143e-01	-2.569348812103271484e-01
2.411072999238967896e-01	-4.169211909174919128e-02	-1.113227978348731995e-01
-2.081196755170822144e-01	2.272992283105850220e-01	1.692683100700378418e-01
7.610952109098434448e-02	-4.801926016807556152e-02	2.586391568183898926e-01
-2.705123126506805420e-01	1.793447732925415039e-01	8.688297821208834648e-04
-2.662063539028167725e-01	3.714174032211303711e-01	-3.672404959797859192e-02
-9.291300177574157715e-02	-2.877421118319034576e-02	-2.500804960727691650e-01
-1.249880865216255188e-01	2.751921713352203369e-01	-2.343505173921585083e-01
2.461162805557250977e-01	-2.160400003194808960e-01	8.257700246758759022e-04
1.736177951097488403e-01	-5.443428084254264832e-02	2.042433321475982666e-01
1.925992071628570557e-01	-1.395870447158813477e-01	1.868437081575393677e-01
-1.117865182459354401e-02	-1.743863075971603394e-01	2.612754702568054199e-01
1.432123631238937378e-01	-1.858982145786285400e-01	2.122401446104049683e-01
2.528828084468841553e-01	-1.366870999336242676e-01	8.569733053445816040e-02
2.261682152748107910e-01	-2.405576556921005249e-01	7.601328939199447632e-02
-1.584692001342773438e-01	1.911872625350952148e-02	-2.119419127702713013e-01
4.643347859382629395e-02	-1.549655199050903320e-01	-2.588681876659393311e-01
1.932143568992614746e-01	-2.839688658714294434e-01	1.298994272947311401e-01
7.299868017435073853e-02	-2.405576556921005249e-01	2.292882651090621948e-01
1.897871494293212891e-01	-1.177935600280761719e-01	-1.905878037214279175e-01
4.135419055819511414e-02	5.416405200958251953e-02	2.605724632740020752e-01
2.285408973693847656e-01	-2.165672481060028076e-01	-8.715663105249404907e-02
2.322317212820053101e-01	-2.710509598255157471e-01	-1.734718121588230133e-02
-1.584692001342773438e-01	9.321656823158264160e-02	2.139098048210144043e-01
-9.220998734235763550e-02	2.367020547389984131e-01	2.505544722080230713e-01
-8.355410397052764893e-02	8.355011045932769775e-02	2.529271543025970459e-01
-1.541632264852523804e-01	1.188713610172271729e-01	-2.168630063533782959e-01
-2.516187727451324463e-01	2.671074867248535156e-01	-8.829903602600097656e-02
5.721598118543624878e-02	-2.568148970603942871e-01	-2.288142591714859009e-01
-8.621677756309509277e-02	1.888354867696762085e-01	-2.529804408550262451e-01
1.514728069305419922e-01	-2.235974222421646118e-01	1.914132982492446899e-01
-2.496854662895202637e-01	1.315836459398269653e-01	9.826373308897018433e-02
2.187865376472473145e-01	-1.246479749679565430e-01	1.555594950914382935e-01
2.415466755628585815e-01	-5.127071216702461243e-02	1.136421933770179749e-01
1.423335969448089600e-01	2.070051245391368866e-02	-2.211689800024032593e-01
1.846024096012115479e-01	-2.216641157865524292e-01	1.601291000843048096e-01
2.244106829166412354e-01	-3.191196322441101074e-01	3.891164064407348633e-02
6.410553306341171265e-02	-1.648077219724655151e-01	2.558270990848541260e-01
2.097352147102355957e-01	-2.853749096393585205e-01	-9.691097587347030640e-02
1.696833409368991852e-02	1.697310209274291992e-01	-2.659862339496612549e-01
-2.410735338926315308e-01	3.676387071609497070e-01	-1.161560192704200745e-01
2.136896848678588867e-01	-1.837891489267349243e-01	-1.392676681280136108e-01
1.554272770881652832e-01	-1.594418101012706757e-02	2.152279466390609741e-01
5.003643035888671875e-02	1.120979804545640945e-02	-2.590439617633819580e-01
-2.640094161033630371e-01	1.791602224111557007e-01	-5.561759695410728455e-02
6.454491615295410156e-02	8.344465494155883789e-02	-2.561439871788024902e-01
2.637116797268390656e-02	-3.193778172135353088e-02	-2.644923031330108643e-01
-8.209535479545593262e-02	-1.136633381247520447e-01	-2.579894363880157471e-01
-1.908957958221435547e-01	3.588510155677795410e-01	-1.878636181354522705e-01
-7.677000761032104492e-02	6.441929191350936890e-02	-2.529804408550262451e-01
-3.016007319092750549e-02	-3.202017396688461304e-03	2.651420533657073975e-01
-2.167316079139709473e-01	1.442994475364685059e-01	-1.568430513143539429e-01
2.097352147102355957e-01	-1.815922409296035767e-01	1.468596905469894409e-01
-6.697173416614532471e-02	-3.220141679048538208e-02	2.610118389129638672e-01
1.468153297901153564e-01	-7.025214284658432007e-02	-2.238931804895401001e-01
2.230046540498733521e-01	-3.477675318717956543e-01	-2.699607051908969879e-02
-2.339555025100708008e-01	7.400666922330856323e-02	1.302509456872940063e-01
2.340771257877349854e-01	-4.267688989639282227e-01	-8.295857347548007965e-03
-1.065339297056198120e-01	-5.100707709789276123e-02	2.478303164243698120e-01
2.687006592750549316e-01	-7.051575928926467896e-02	9.997664019465446472e-04
-2.200709432363510132e-01	3.686053454875946045e-01	-1.513068079948425293e-01
1.706299781799316406e-01	-3.067290186882019043e-01	1.553837507963180542e-01
-1.542510986328125000e-01	2.335384935140609741e-01	-2.170387655496597290e-01
-1.747264415025711060e-01	3.106065690517425537e-01	-1.994633823633193970e-01
-2.656790912151336670e-01	2.559471130371093750e-01	-2.708394825458526611e-02
-3.080157563090324402e-02	-1.277236491441726685e-01	-2.663377523422241211e-01
1.613150238990783691e-01	-1.474959701299667358e-01	2.109219878911972046e-01
-2.021440416574478149e-01	7.084309309720993042e-02	-1.714306324720382690e-01
-1.870292127132415771e-01	1.791865825653076172e-01	1.947526335716247559e-01
1.636877059936523438e-01	-1.644562184810638428e-01	-2.017481774091720581e-01
1.588544696569442749e-01	-2.899444997310638428e-01	-1.683549284934997559e-01
-2.503006160259246826e-01	5.136956274509429932e-02	-8.677875995635986328e-02
-2.655033171176910400e-01	1.027863696217536926e-01	-2.704000845551490784e-02
-2.391402423381805420e-01	1.610224246978759766e-01	1.264722347259521484e-01
-4.019562155008316040e-02	-8.932143449783325195e-02	2.684814035892486572e-01
-1.141591928899288177e-02	1.410304158926010132e-01	-2.664256095886230469e-01
2.114927619695663452e-01	-3.671004474163055420e-01	-7.087302953004837036e-02
-2.656790912151336670e-01	3.522602617740631104e-01	2.916608937084674835e-02
1.177280470728874207e-01	-1.272842735052108765e-01	-2.405018955469131470e-01
-1.689265519380569458e-01	2.944371998310089111e-01	2.054736167192459106e-01
-1.422998458147048950e-01	1.595515385270118713e-02	2.266519665718078613e-01
1.165856570005416870e-01	-4.239514470100402832e-02	-2.394473850727081299e-01
-2.281556278467178345e-01	2.470715343952178955e-01	1.422900855541229248e-01
-1.321939975023269653e-01	2.079311460256576538e-01	2.342972457408905029e-01
9.189222007989883423e-02	-1.379173994064331055e-01	2.519605159759521484e-01
2.588584125041961670e-01	-7.034000754356384277e-02	-7.129484415054321289e-02
-2.002986371517181396e-01	1.759263426065444946e-01	-1.796031743288040161e-01
-2.557489871978759766e-01	1.507584005594253540e-01	-8.317580819129943848e-02
-1.252517253160476685e-01	-3.114138962700963020e-03	-2.351414114236831665e-01
2.683691680431365967e-02	-7.016426324844360352e-02	-2.665134966373443604e-01
-2.690184116363525391e-01	1.314518302679061890e-01	1.038678176701068878e-02
-1.080956868827342987e-02	-1.358962059020996094e-01	2.701510488986968994e-01
2.128987908363342285e-01	-2.709631025791168213e-01	9.457290172576904297e-02
2.593857049942016602e-01	-1.081270948052406311e-01	-7.300844043493270874e-02
-2.691941559314727783e-01	2.177206277847290039e-01	-8.445248007774353027e-03
-2.496854662895202637e-01	3.716810643672943115e-01	9.826373308897018433e-02
1.314368695020675659e-01	-1.596229970455169678e-01	-2.276718914508819580e-01
1.262521147727966309e-01	-2.464454174041748047e-01	-2.004300206899642944e-01
2.133381813764572144e-01	-4.388905316591262817e-02	1.595139652490615845e-01
2.356589138507843018e-01	-2.315063476562500000e-01	-4.617960751056671143e-02
-7.692818343639373779e-02	2.553374134004116058e-02	2.554755806922912598e-01
1.921598315238952637e-01	-3.286982476711273193e-01	-1.209013760089874268e-01
-1.017885729670524597e-01	-6.726431101560592651e-02	-2.485865801572799683e-01
-1.859300769865512848e-03	-1.936313807964324951e-01	-2.538592219352722168e-01
2.620219886302947998e-01	-7.991860061883926392e-02	5.795457959175109863e-02
2.271348387002944946e-01	-2.811568081378936768e-01	4.912294447422027588e-02
-2.424795627593994141e-01	2.976886630058288574e-01	-1.085986047983169556e-01
2.463798969984054565e-01	-1.717500090599060059e-01	8.024895936250686646e-02
-5.863220244646072388e-02	-3.211353719234466553e-02	-2.608014941215515137e-01
-2.624276280403137207e-01	2.467200160026550293e-01	5.546765774488449097e-02
-1.310515850782394409e-01	3.041036427021026611e-01	2.329791039228439331e-01
-1.412453204393386841e-01	6.427869200706481934e-02	2.261246889829635620e-01
2.561342716217041016e-01	-1.795710623264312744e-01	-1.297969929873943329e-02
-2.606700956821441650e-01	3.577964901924133301e-01	-6.921216100454330444e-02
-9.282512217760086060e-02	1.539659053087234497e-01	-2.500804960727691650e-01
-5.860584229230880737e-02	1.887915283441543579e-01	2.619785070419311523e-01
7.941369712352752686e-02	3.194876015186309814e-02	2.524877786636352539e-01
-2.513551414012908936e-01	3.137701451778411865e-01	8.965179324150085449e-02
2.442708611488342285e-01	-1.736833006143569946e-01	-8.248157799243927002e-02
8.517842739820480347e-02	-1.082149818539619446e-01	-2.553530931472778320e-01
-2.511793971061706543e-01	4.250223636627197266e-01	-7.848317921161651611e-02
-1.694538146257400513e-01	2.560350000858306885e-01	2.061766237020492554e-01
1.325792521238327026e-01	-2.808052897453308105e-01	-1.900605410337448120e-01
-1.314909905195236206e-01	9.636256098747253418e-02	-2.317142188549041748e-01
1.591181010007858276e-01	-2.070765346288681030e-01	-1.898847818374633789e-01
-2.413371652364730835e-01	1.283409893512725830e-01	-1.158045157790184021e-01
-2.573307752609252930e-01	4.370614886283874512e-01	1.071825507096946239e-03
-1.114550381898880005e-01	2.869731187820434570e-02	-2.390080094337463379e-01
2.370649576187133789e-01	-1.184965893626213074e-01	-1.258224844932556152e-01
1.421578526496887207e-01	-2.967110276222229004e-01	1.828013509511947632e-01
1.423335969448089600e-01	-9.591219574213027954e-02	2.309579104185104370e-01
2.231803834438323975e-01	-3.190317451953887939e-01	-4.618839919567108154e-02
2.617783844470977783e-02	-1.278060954064130783e-02	2.652299404144287109e-01
1.965536773204803467e-01	-4.177999496459960938e-02	-1.796910613775253296e-01
-2.037258297204971313e-01	2.336263805627822876e-01	-1.725730299949645996e-01
5.557268112897872925e-02	4.504242539405822754e-02	-2.567591369152069092e-01
-1.209457442164421082e-01	1.824028939008712769e-01	-2.387443631887435913e-01
2.314408272504806519e-01	-8.308216929435729980e-02	1.395658999681472778e-01
7.192658632993698120e-02	-1.837891489267349243e-01	-2.459502816200256348e-01
-1.718264967203140259e-01	-1.128670293837785721e-02	-2.036814689636230469e-01
-7.756090164184570312e-02	-1.182329431176185608e-01	2.612754702568054199e-01
-2.649760544300079346e-01	3.902230858802795410e-01	4.826174676418304443e-02
1.339852809906005859e-01	-2.644602060317993164e-01	1.932587176561355591e-01
6.367493420839309692e-02	-8.000647276639938354e-02	-2.619438767433166504e-01
1.648501120507717133e-02	8.362040668725967407e-02	2.642632722854614258e-01
-2.704244256019592285e-01	3.809081315994262695e-01	9.804335422813892365e-04
1.938294917345046997e-01	-3.668368458747863770e-01	-1.107076629996299744e-01
-2.345706373453140259e-01	3.265123069286346436e-01	-1.283709257841110229e-01
2.193138152360916138e-01	-3.585763871669769287e-01	4.822659865021705627e-02
1.093797385692596436e-01	-3.351956605911254883e-02	2.437000870704650879e-01
7.269111275672912598e-02	6.444565206766128540e-02	2.547726035118103027e-01
2.658007144927978516e-01	-1.358083337545394897e-01	1.995658315718173981e-02
-1.114350091665983200e-02	5.463858693838119507e-02	2.652299404144287109e-01
-1.749900579452514648e-01	9.957885742187500000e-02	-1.999906301498413086e-01
-2.188406735658645630e-01	2.910978794097900391e-01	-1.503401547670364380e-01
-1.983653306961059570e-01	3.062127232551574707e-01	-1.769668757915496826e-01
-1.896655112504959106e-01	3.136822581291198730e-01	1.889527440071105957e-01
1.968173086643218994e-01	-2.116461396217346191e-01	-1.476159691810607910e-01
-7.020559906959533691e-02	1.108974143862724304e-01	-2.569348812103271484e-01
-1.596115976572036743e-01	1.888354867696762085e-01	2.154037058353424072e-01
1.044586300849914551e-01	-6.726431101560592651e-02	2.480939328670501709e-01
-2.538156807422637939e-01	4.360069632530212402e-01	3.903466835618019104e-02
-2.112832367420196533e-01	1.028390973806381226e-01	1.635563075542449951e-01
-2.162043601274490356e-01	3.995380401611328125e-01	1.585473120212554932e-01
1.325792521238327026e-01	3.826711326837539673e-02	2.292004078626632690e-01
-2.153255790472030640e-01	9.639771282672882080e-02	-1.557885259389877319e-01
-2.609337270259857178e-01	9.384927898645401001e-02	6.125874817371368408e-02
2.379437237977981567e-01	-2.102401107549667358e-01	7.133823633193969727e-02
-2.031106948852539062e-01	6.376562174409627914e-03	1.741894185543060303e-01
-1.807020753622055054e-01	3.618388175964355469e-01	1.980040669441223145e-01
-1.486269831657409668e-01	1.411973834037780762e-01	2.232247442007064819e-01
-2.653275728225708008e-01	1.697046756744384766e-01	4.830568656325340271e-02
3.550158441066741943e-02	9.326051175594329834e-02	-2.608893513679504395e-01
2.422496974468231201e-01	-1.272842735052108765e-01	1.140815839171409607e-01
1.635998189449310303e-01	-4.626173153519630432e-02	-2.093934714794158936e-01
1.985748559236526489e-01	-8.958506584167480469e-02	-1.812728345394134521e-01
2.594735920429229736e-01	-1.083028465509414673e-01	7.522239536046981812e-02
-4.022198542952537537e-02	-8.932143449783325195e-02	-2.663377523422241211e-01
9.206797927618026733e-02	-2.615602612495422363e-01	2.169854938983917236e-01
2.488404661417007446e-01	-1.372143626213073730e-01	-9.339589625597000122e-02
-5.386927351355552673e-02	8.838333934545516968e-02	2.600452005863189697e-01
-6.573020480573177338e-03	-4.301028326153755188e-02	-2.681831419467926025e-01
2.016505450010299683e-01	-1.412567049264907837e-01	-1.726609021425247192e-01
2.027050554752349854e-01	-2.616481482982635498e-01	-1.182650774717330933e-01
-1.422998458147048950e-01	3.233487308025360107e-01	-2.246840745210647583e-01
-4.893937706947326660e-02	6.200818344950675964e-03	-2.600106000900268555e-01
1.669591665267944336e-02	1.219206899404525757e-01	2.660208344459533691e-01
6.836123764514923096e-03	-1.271085143089294434e-01	-2.691498100757598877e-01
-2.144468128681182861e-01	6.446323543787002563e-02	1.570534110069274902e-01
1.158826425671577454e-01	-2.100643515586853027e-01	2.213793396949768066e-01
2.096473425626754761e-01	-3.509310781955718994e-01	8.184832334518432617e-02
1.766934841871261597e-01	6.288683507591485977e-03	1.979161947965621948e-01
-2.400190234184265137e-01	4.039318859577178955e-01	1.193542033433914185e-01
-2.567156255245208740e-01	8.359403908252716064e-02	-7.396630197763442993e-02
-7.762241363525390625e-02	2.272992283105850220e-01	-2.551773488521575928e-01
-2.023630775511264801e-03	1.604303345084190369e-02	-2.648438215255737305e-01
2.163259983062744141e-01	-1.551412492990493774e-01	-1.482311189174652100e-01
-2.647124230861663818e-01	3.331030607223510742e-01	-3.653072193264961243e-02
2.568372488021850586e-01	-1.577775776386260986e-01	5.324437096714973450e-02
-1.123137772083282471e-02	8.353252708911895752e-02	-2.642286717891693115e-01
2.312650680541992188e-01	-2.805416882038116455e-01	1.937659457325935364e-02
1.988384723663330078e-01	-1.052271649241447449e-01	1.835922449827194214e-01
-4.911513254046440125e-02	1.507847607135772705e-01	2.636481523513793945e-01
-2.016600454226136208e-03	1.984931528568267822e-01	2.686571478843688965e-01
-5.883431807160377502e-02	-6.076142564415931702e-02	2.644390463829040527e-01
-2.548702359199523926e-01	2.367020547389984131e-01	-8.263976126909255981e-02
2.023535519838333130e-01	-1.286848820745944977e-02	-1.695852130651473999e-01
-6.869411468505859375e-02	2.656135559082031250e-01	2.581997811794281006e-01
-1.249880865216255188e-01	2.367899566888809204e-01	2.366699278354644775e-01
-5.988884717226028442e-02	-3.289895830675959587e-03	2.604845762252807617e-01
-2.320221960544586182e-01	2.303749173879623413e-01	-1.353131979703903198e-01
1.600847542285919189e-01	-3.349375128746032715e-01	1.631169319152832031e-01
2.186986654996871948e-01	-9.046382457017898560e-02	-1.541188657283782959e-01
-1.112792864441871643e-01	8.367313444614410400e-02	2.408001422882080078e-01
6.356069445610046387e-02	-1.271963864564895630e-01	2.633845210075378418e-01
-2.611973583698272705e-01	2.624499797821044922e-01	-5.947538837790489197e-02
-2.661184668540954590e-01	3.137701451778411865e-01	1.962264999747276306e-02
-2.411614060401916504e-01	2.367899566888809204e-01	1.178602948784828186e-01
2.190501838922500610e-01	-4.026027619838714600e-01	4.437758773565292358e-02
1.898750364780426025e-01	-3.264134526252746582e-01	1.269116103649139404e-01
-9.256149828433990479e-02	1.507671922445297241e-01	2.516090273857116699e-01
1.875902265310287476e-01	-2.481150776147842407e-01	1.439597457647323608e-01
1.535818427801132202e-01	-9.890002757310867310e-02	-2.203780859708786011e-01
2.025293111801147461e-01	-3.994392156600952148e-01	9.343049675226211548e-02
2.290681451559066772e-01	-3.211353719234466553e-02	-1.360162198543548584e-01
-2.083833068609237671e-01	1.983876973390579224e-01	1.701470762491226196e-01
-2.234981358051300049e-01	4.066560864448547363e-01	-1.448917835950851440e-01
2.200168371200561523e-01	-2.902081608772277832e-01	-7.041607052087783813e-02
-2.395796179771423340e-01	4.305640608072280884e-02	-1.126409471035003662e-01
-2.473127841949462891e-01	2.080190181732177734e-01	1.049423813819885254e-01
-3.961563110351562500e-02	1.220129728317260742e-01	-2.619438767433166504e-01
1.017344444990158081e-01	-1.278060954064130783e-02	-2.438412308692932129e-01
-1.130167953670024872e-02	1.122770830988883972e-01	-2.652831971645355225e-01
-1.182215586304664612e-01	3.106065690517425537e-01	-2.368110865354537964e-01
1.786267906427383423e-01	-2.269367426633834839e-01	-1.636974513530731201e-01
-3.999350592494010925e-02	-6.067354604601860046e-02	-2.648438215255737305e-01
-5.862341821193695068e-02	1.887651830911636353e-01	-2.607136070728302002e-01
-1.496815085411071777e-01	1.633863151073455811e-01	-2.223992496728897095e-01
2.342528849840164185e-01	-7.034000754356384277e-02	-1.310072243213653564e-01
-9.080395102500915527e-02	2.723801136016845703e-01	-2.485865801572799683e-01
4.500108212232589722e-02	1.220771223306655884e-01	2.623299956321716309e-01
2.019141614437103271e-01	-1.584805846214294434e-01	1.675986498594284058e-01
3.611672297120094299e-02	-1.749135702848434448e-01	2.573210000991821289e-01
-2.067136466503143311e-01	3.041036427021026611e-01	1.682137846946716309e-01
2.360983192920684814e-01	-2.308911830186843872e-01	4.851659014821052551e-02
2.540251910686492920e-01	-7.833681255578994751e-02	8.712971955537796021e-02
1.657088696956634521e-01	6.464440375566482544e-03	-2.042966187000274658e-01
-2.317585796117782593e-01	1.083753407001495361e-01	-1.346101909875869751e-01
-2.310555577278137207e-01	2.944371998310089111e-01	1.361386924982070923e-01
-2.677002549171447754e-01	1.792656779289245605e-01	-2.733879163861274719e-02
8.296392112970352173e-02	-6.067354604601860046e-02	-2.543864548206329346e-01
-1.892261356115341187e-01	4.500727355480194092e-02	1.883376091718673706e-01
1.968173086643218994e-01	-4.810713976621627808e-02	1.820983439683914185e-01
-2.510036230087280273e-01	2.709740400314331055e-01	9.167296439409255981e-02
-2.334715100005269051e-03	-5.171010270714759827e-02	2.700631916522979736e-01
-1.387847661972045898e-01	-3.211353719234466553e-02	2.317488044500350952e-01
-2.503885030746459961e-01	5.462979897856712341e-02	8.893999457359313965e-02
2.616905234754085541e-02	-3.202017396688461304e-03	-2.629984021186828613e-01
-2.484551966190338135e-01	4.375008940696716309e-01	6.660167127847671509e-02
2.596693672239780426e-02	2.553374134004116058e-02	-2.614166140556335449e-01
-1.191881969571113586e-01	1.403713375329971313e-01	2.400092482566833496e-01
2.190501838922500610e-01	-2.461818009614944458e-01	-8.724451065063476562e-02
-2.163801193237304688e-01	3.715931773185729980e-01	1.587230712175369263e-01
-1.041612550616264343e-01	5.551735684275627136e-02	-2.414685487747192383e-01
-2.672608792781829834e-01	4.088529944419860840e-01	-8.251919411122798920e-03
-2.196315675973892212e-01	2.526956498622894287e-01	-1.509552896022796631e-01
1.861841976642608643e-01	-2.612087428569793701e-01	-1.406736969947814941e-01
5.479057505726814270e-02	-5.127071216702461243e-02	-2.618560194969177246e-01
6.333221495151519775e-02	-2.026826888322830200e-01	2.443152368068695068e-01
-1.539874672889709473e-01	2.367020547389984131e-01	2.187430411577224731e-01
2.155551314353942871e-02	-8.466395735740661621e-02	2.701510488986968994e-01
-2.212133556604385376e-01	1.791953891515731812e-01	1.542413532733917236e-01
8.292877674102783203e-02	-2.510150074958801270e-01	-2.203780859708786011e-01
-5.234021693468093872e-02	5.242409184575080872e-02	-2.576379179954528809e-01
2.681733667850494385e-01	-1.080392226576805115e-01	-1.704839989542961121e-02
1.209795027971267700e-01	-2.223671227693557739e-01	-2.123812884092330933e-01
4.514168575406074524e-02	-1.832618862390518188e-01	-2.516622841358184814e-01
-2.607579529285430908e-01	4.063045680522918701e-01	-6.073203310370445251e-02
3.560703620314598083e-02	-2.283427715301513672e-01	2.413274198770523071e-01
-2.674366235733032227e-01	1.888618469238281250e-01	2.939456887543201447e-02
-4.910634085536003113e-02	2.175448685884475708e-01	-2.611530125141143799e-01
-2.679638862609863281e-01	3.521723747253417969e-01	-1.778656803071498871e-02
4.522956162691116333e-02	-3.202566131949424744e-02	2.639996707439422607e-01
-2.686668932437896729e-01	2.368777841329574585e-01	1.034284383058547974e-02
1.835478842258453369e-01	-1.502201706171035767e-01	-1.909393072128295898e-01
-2.620761394500732422e-01	1.053699553012847900e-01	-5.336794257164001465e-02
2.175562679767608643e-01	-3.432858288288116455e-01	-6.062658131122589111e-02
7.938732951879501343e-02	3.515626490116119385e-02	-2.503441274166107178e-01
1.210673749446868896e-01	-2.867809236049652100e-01	1.993222236633300781e-01
-3.034461289644241333e-02	-3.193778172135353088e-02	-2.644923031330108643e-01
-1.824596077203750610e-01	1.855225265026092529e-01	-1.970028132200241089e-01
1.781874001026153564e-01	-2.903784625232219696e-02	1.987070888280868530e-01
-2.596155703067779541e-01	3.806445002555847168e-01	7.563541829586029053e-02
-1.256032139062881470e-01	2.080541551113128662e-01	-2.360201925039291382e-01
1.301186978816986084e-01	-3.202017396688461304e-03	-2.310111820697784424e-01
-1.477482169866561890e-01	2.879343032836914062e-01	-2.202023416757583618e-01
1.437396407127380371e-01	1.261583343148231506e-02	2.222581207752227783e-01
2.471707910299301147e-01	-2.054068893194198608e-01	2.445588260889053345e-02
-1.956411600112915039e-01	1.411885917186737061e-01	1.860528141260147095e-01
-2.271889746189117432e-01	6.670409440994262695e-02	-1.384767740964889526e-01
-1.336000263690948486e-01	2.382838428020477295e-01	-2.315384596586227417e-01
2.008596509695053101e-01	-2.056705057621002197e-01	1.474748253822326660e-01
2.172047644853591919e-01	-2.143703252077102661e-01	1.184754297137260437e-01
-2.459946423768997192e-01	1.027775853872299194e-01	1.043272390961647034e-01
5.486087501049041748e-02	-6.084930524230003357e-02	2.644390463829040527e-01
1.579756885766983032e-01	-6.963699311017990112e-02	2.174248695373535156e-01
1.689603179693222046e-01	-2.567270398139953613e-01	-1.630823165178298950e-01
2.165017575025558472e-01	-1.937137544155120850e-02	1.536262184381484985e-01
-2.063621431589126587e-01	2.878518961369991302e-02	-1.658065021038055420e-01
5.263758823275566101e-02	1.119431480765342712e-01	-2.593075633049011230e-01
2.571887671947479248e-01	-1.763195991516113281e-01	1.504426170140504837e-02
1.703663468360900879e-01	-2.092734575271606445e-01	1.823619753122329712e-01
-2.641851902008056641e-01	2.655256986618041992e-01	3.856013342738151550e-02
2.019141614437103271e-01	-3.012806177139282227e-01	1.135543286800384521e-01
2.375922054052352905e-01	-1.067210659384727478e-01	1.292842924594879150e-01
1.640592329204082489e-02	5.470889061689376831e-02	2.638238966464996338e-01
7.041509449481964111e-02	-1.280751675367355347e-01	-2.596590816974639893e-01
2.383830994367599487e-01	-2.123491615056991577e-01	-6.444044411182403564e-02
8.600447326898574829e-02	6.438414007425308228e-02	-2.477078288793563843e-01
-1.893140077590942383e-01	3.850438073277473450e-02	-1.861939579248428345e-01
-1.156731247901916504e-01	1.882906407117843628e-01	2.419425547122955322e-01
2.561342716217041016e-01	-1.682349145412445068e-01	-3.688222914934158325e-02
-2.648003101348876953e-01	2.944371998310089111e-01	-2.696970663964748383e-02
1.465516984462738037e-01	-1.307114660739898682e-01	2.256853133440017700e-01
-1.049521490931510925e-01	2.656135559082031250e-01	2.444909811019897461e-01
-7.770150154829025269e-02	2.176327705383300781e-01	2.572331428527832031e-01
8.408875018358230591e-02	-7.833681255578994751e-02	2.570573687553405762e-01
-2.505642473697662354e-01	4.389947950839996338e-01	-4.646960273385047913e-02
-2.989644184708595276e-02	8.364677429199218750e-02	2.633845210075378418e-01
2.290681451559066772e-01	-2.950413823127746582e-01	-2.209253795444965363e-02
-2.424795627593994141e-01	1.840461790561676025e-01	1.182996705174446106e-01
1.055131480097770691e-01	3.991919755935668945e-02	-2.391837686300277710e-01
1.410154402256011963e-01	-2.216641157865524292e-01	-1.982330977916717529e-01
2.223016172647476196e-01	-4.191236197948455811e-01	6.510776281356811523e-02
7.864916324615478516e-02	-1.020635962486267090e-01	2.602209448814392090e-01
2.632522881031036377e-01	-1.366870999336242676e-01	-3.684707731008529663e-02
2.262560874223709106e-01	-2.906475365161895752e-01	-4.677717387676239014e-02
3.182307460946362521e-02	7.182568495799572517e-02	-2.611567185108748523e-01
4.649809268584245703e-02	-3.870896932164518689e-01	8.599809936628897977e-02
-2.527557732022163717e-01	1.832161521107592353e-02	1.388059506638905927e-01
-1.863544900897374790e-01	4.527504445378407461e-01	-6.958876520316718828e-02
2.706822365915189099e-01	-1.631117150048091158e-01	-1.235347859611241328e-01
-2.125123412562509584e-01	1.704889437040689182e-01	-1.329556972126822167e-01
-1.940358664344807305e-02	-1.567594716446109315e-01	2.245593641268074925e-01
2.133379834938098907e-01	1.529149695152106914e-01	-7.606926921185605539e-02
2.086979936019307813e-02	3.155460903395828631e-01	-1.494970559868279703e-01
2.084205966898020623e-01	-2.077569836838088491e-01	1.089489800277392562e-01
2.614350500277582423e-01	-3.593885646579039750e-01	-4.281192612693143079e-02
-3.055863153897756535e-01	2.276788955810129522e-01	4.132697948045332276e-02
2.107789710167108366e-01	3.932824720642703192e-03	-2.005261358989942344e-01
2.731313461647124630e-01	-1.600185182770333392e-02	3.988130075845718373e-04
-2.661446163458722203e-01	1.678713854177611986e-01	2.286319534104714890e-01
-1.219601870453658060e-01	-2.226100668960259016e-02	2.535165944560751616e-01
-1.717495679168749845e-01	-1.508092106568650059e-01	1.500682512163440396e-01
-8.266728096604165910e-02	-2.876364525312163911e-01	1.197982600761740846e-01
-7.219241578540387672e-02	1.943775174934902206e-01	-2.029961309018522841e-01
-1.544397531951057501e-01	3.115657976688177011e-01	-1.346969099020489391e-01
-2.835665525961753586e-01	7.575953740873035691e-02	-1.039572948071971082e-03
1.063684444080448821e-01	1.941138786178188969e-01	-1.724637707061941194e-01
6.747352225505184875e-02	-2.606250217464024521e-01	1.670102412566188410e-01
-2.622428460175197373e-01	3.249809852895422790e-01	-4.574103185079121670e-02
1.722214375860437741e-01	-3.369811918041651366e-01	7.038511519610674005e-02
-5.982026193558510202e-02	4.164567530323369793e-01	-1.152482770689504388e-01
2.616734132143557767e-01	-2.344297292004564603e-01	-9.581156487646748030e-03
2.475994752492432227e-01	-9.287374847201068651e-02	9.926145898006302759e-02
-2.930804824336675773e-01	1.328763002968188223e-01	1.217621573294900145e-01
2.715316180223905085e-01	-4.325079718537907375e-02	-1.116428086922959251e-01
2.806043719047671692e-01	-2.752768885331783322e-01	-1.304670012273903001e-01
1.494334584454542203e-01	9.695254392211029304e-02	-1.990740789841725644e-01
-2.018476806738327967e-01	4.925141303520130798e-02	2.391161033286919313e-01
-3.300707922696672347e-01	3.151868081894616536e-01	1.004800825897067262e-01
2.150030638755866252e-01	-9.974712728341968149e-02	-2.241958123384821255e-01
2.494333278431438705e-01	5.445981797628218768e-02	-7.756618436887428858e-02
8.364307038508957126e-02	-1.638859887165896312e-01	2.122574183239237244e-01
2.811283648448050232e-01	-1.184249592419060193e-01	1.771169494739623139e-03
-2.651217721508403735e-01	2.136050571059419922e-01	-5.845859413555825473e-02
-1.953594022826777299e-01	-5.542053375093095036e-02	1.751597636061520691e-01
-2.594506814819425022e-01	-3.332146261978840424e-02	5.528932211007450692e-02
-9.506945218469124714e-02	-2.024623303555431464e-01	1.823857052798454059e-01
-3.093281770785281104e-01	2.357247463505629803e-01	1.738577001619997231e-01
2.214398553254446136e-02	1.589324485774711304e-01	-2.195591858343361735e-01
-7.094439323261163277e-02	2.889207606889676039e-01	-1.688564012289846261e-01
-9.828655638499582403e-02	-1.111614778023078676e-01	2.212851124374357326e-01
-1.677864526216511498e-01	-2.329955534311334564e-01	1.000100378746743152e-01
-4.843970740312149303e-02	1.062010454655166192e-01	-2.407419194078963265e-01
-6.352083721150486887e-04	-7.409337338417176788e-02	2.539681428440638267e-01
8.714614118122927106e-03	-3.141080751983661989e-01	1.277677245387793814e-01
-2.568046652545285524e-01	4.227703973760437717e-01	-2.542165383459589825e-02
-1.497192627254737562e-01	2.209196366732767147e-01	-1.674868430681173970e-01
-2.594352626017434327e-01	1.274397862212804378e-01	-7.607929868758468717e-02
1.388747516263264536e-01	-2.143443271848655129e-01	1.684094691002091804e-01
-2.139520936372345528e-01	2.559594294802104431e-01	-1.121205150963361097e-01
1.601301024569161680e-01	2.217229021050905746e-01	-1.137822981912555709e-01
2.456694322765546890e-01	-1.783737173187740777e-01	-2.015847499803340437e-01
9.740113998980562404e-02	2.901219245175931660e-01	-1.295157464132612457e-01
-1.029679170860843714e-02	-2.396392214650515107e-01	1.870072736284151826e-01
1.303565371191999986e-02	2.431726708988238284e-01	-1.868033325975639591e-01
2.105451150983486674e-01	7.256246915909822515e-02	-1.511768901030345336e-01
-1.872977360308252515e-01	1.024309691173504178e-01	-1.697024379955624773e-01
1.122459073551142494e-01	4.822743889130953060e-02	-2.516456490798237300e-01
2.376822106049009953e-01	-3.074838568389706706e-01	1.617150775815025948e-02
-3.051888121109842533e-01	3.196849609709521700e-01	2.381315701343817565e-02
-2.024395528624217122e-01	3.588232261938422152e-01	-9.138601016892798634e-02
-2.986801675162026881e-01	1.488492409434906127e-01	3.106497501664817751e-02
1.330463098328188987e-01	-2.883655489279771111e-01	1.192356043990003694e-01
2.572029123386487814e-01	-1.792681101304322011e-01	4.507170730202853665e-02
-2.227893580627497705e-01	-9.248797587376395013e-02	1.131032414027677985e-01
-2.526936604441963330e-01	8.014538497430474806e-02	1.917128508604118431e-01
2.831572927256307270e-01	-1.072384652938356275e-01	-7.353894272766202389e-02
-1.345342171542414367e-01	3.817850207740915436e-01	-1.161701814268486926e-01
-2.816924145160680792e-01	6.526692946163356601e-02	8.979366302127990418e-02
-1.301741901332562346e-01	1.493305893831757269e-01	-1.972812001430904183e-01
8.555363344098519673e-02	1.248006402234201895e-01	-2.194214995753446806e-01
2.103418953687986592e-01	-1.357537823160804569e-01	1.430824150917850146e-01
2.721595016146928780e-01	-2.864218356966438117e-01	-5.666626574257645210e-02
1.161428066042803076e-01	-3.907508092504793362e-01	7.343288312268288209e-02
2.111840508183347453e-01	-2.640432792757556602e-01	6.564757055358713678e-02
-1.225262236750808142e-01	4.545990868629032899e-01	-9.588187761803236564e-02
2.766589707986288338e-01	-1.818461299464606828e-01	-5.089805436781483228e-02
2.435624564456472796e-01	-5.125465549962389400e-02	-1.776814423004833554e-01
1.579312231570195180e-01	1.538574338474613945e-01	-1.542083121630141163e-01
-3.092116359146885318e-01	2.012279488159874341e-01	1.037200865535664318e-01
1.805753595433429171e-01	-3.479416043663040997e-02	-2.464469842565276680e-01
-5.431668758133373354e-02	3.479422715725344339e-01	-1.432212939330822221e-01
7.224512493528539858e-02	-3.291293480240733982e-01	1.161647576636809370e-01
-6.532653741492207289e-02	-5.949153821281302768e-02	2.525446211021483700e-01
1.895090217529085685e-01	-3.957402755909299463e-01	3.351645308004227997e-02
2.417360547337616405e-01	1.600845992880720742e-02	-1.410900670976269755e-01
-2.321871762644996118e-01	1.150972744865891711e-01	2.436020322575693786e-01
-2.033507927838437701e-01	-1.727571011049047756e-01	9.923031578512993278e-02
-2.891327927739529291e-01	2.623608571640110854e-01	-9.315276203341420896e-03
-3.300665101627122677e-01	2.981925522288700336e-01	1.654469909177969655e-01
1.485361499756050196e-01	-1.553498007131105529e-01	1.875519396598174515e-01
2.985127130400626327e-02	-1.969520423130323439e-01	2.096555746197784620e-01
-1.822662195281542219e-01	-1.229335765175191934e-02	2.187809578634067886e-01
2.658675786134211405e-01	-1.042492442757472909e-01	-1.416842020265400848e-01
5.214489126868497582e-02	-1.096663086865379416e-01	2.364836331812884551e-01
2.724324574996588311e-01	-6.360770620810517195e-02	3.941373072776026276e-02
-2.313649442693485603e-01	9.935798057562908459e-02	-1.228371924138895871e-01
-1.527436580738576744e-01	-9.303726340058923738e-02	1.971636132813936737e-01
2.715863138963245937e-01	-2.038924965449046781e-03	-5.855021176815874973e-02
-2.904629121754091492e-01	1.652972153794004251e-01	1.734269161874929521e-01
-3.203316133063053295e-01	3.701045866151029817e-01	6.907903168506120128e-02
2.771767173367063464e-01	-2.271927460639923957e-01	-9.629281149975078835e-02
2.696579159242386003e-01	-2.301339111734725940e-01	-1.683646175052958271e-01
-2.761872118715891777e-01	2.553765430017775062e-02	4.719756697903952636e-02
1.639520879164142186e-01	3.704426845219691011e-02	-2.270172049950280602e-01
-3.327661886457661256e-02	-2.791095876571740297e-01	1.489828601453444812e-01
2.427156014418170582e-01	-1.504372517383036623e-01	9.687106111875687375e-02
-2.899394322140484981e-01	1.987472308971556800e-01	-8.688864395620252840e-03
-2.915051631175135660e-01	3.912392548681865034e-01	7.289871200452636979e-03
2.200579961228800729e-01	1.021076653267112139e-01	-1.041357211513707637e-01
-2.651167835976118714e-01	6.509501841601519900e-02	-5.784638539310250904e-02
-1.442395835606932186e-01	-1.994142152136756940e-01	1.527724129687604848e-01
-1.264313204575859828e-01	-1.564825562969958117e-01	1.843496573022971319e-01
-1.095680732307942606e-01	-2.421997489775251644e-01	1.470512806989722754e-01
-3.209573482625360796e-01	2.651942116915029235e-01	1.225991237449016724e-01
-2.489079831930822717e-01	-9.077339776694338946e-02	4.639194011274022644e-02
4.917603972697712905e-02	1.997058995951691840e-01	-1.949770377925971743e-01
2.302941968347548274e-01	-3.822197041863361067e-01	-3.931806309816774704e-04
-2.303130591570150265e-01	2.301686776234266457e-02	1.882388008601221518e-01
2.848660522214613855e-01	-7.108014845457256980e-02	-2.448675968267382749e-02
-2.672104321373491298e-01	-1.196235633796854936e-02	5.164941880014387900e-04
-2.746067818652860315e-01	7.536739371842511581e-02	1.430160882531872346e-01
-3.140609631001804736e-02	1.535315585653229953e-01	-2.221088693833300765e-01
-4.202044698382168680e-02	-1.102464664502381814e-01	2.382125995967773469e-01
-2.357316740138404032e-01	-4.130796882621769889e-02	1.219622552545492067e-01
-1.202080741163577271e-01	2.699626786593408712e-01	-1.626977752307397218e-01
-3.157669021607941717e-01	2.800316496700702706e-01	6.302844344438132684e-02
-2.261532598424022267e-01	3.122597727230954634e-01	-8.436409186973062302e-02
-1.057619647270861968e-01	3.375755104224903991e-01	-1.410391828396961034e-01
-4.787721324053249849e-02	2.393463122537478061e-01	-1.902219532480237674e-01
3.078044149389807648e-03	-3.609817031639179219e-01	9.610618319835376178e-02
-1.716979162162474426e-01	1.616000718581993845e-01	-1.694271426500519317e-01
8.916031981808048013e-02	2.478288968306486539e-01	-1.572501860213922631e-01
-3.875350787565316063e-02	-2.003498922663044801e-01	2.027448367105880722e-01
-2.041007914228335635e-02	2.794956796234059904e-01	-1.743254302422691526e-01
-1.605932909182060941e-01	2.766862902276383956e-02	2.594892103668168803e-01
-2.201234894725015712e-01	4.145892838700231953e-01	-6.578595745345383605e-02
1.574806113396366170e-01	-2.461206864939415040e-01	1.319570979935754118e-01
1.238583409276243635e-01	1.404000841101827046e-01	-1.887010467351473986e-01
-2.644804073575093839e-01	2.736202864786320688e-01	-5.060718777852255684e-02
-2.799476846870215807e-01	1.492294994343984216e-01	-3.681502064800086516e-02
2.424016875065951593e-01	-1.196890213812932119e-01	-1.888715444230629203e-01
-1.047503532771138224e-01	1.139072988659726587e-01	-2.197264167409760938e-01
2.673959432763775013e-01	-1.322042358877514312e-01	5.375632077502073836e-02
2.603660415589169608e-01	4.736888901997123730e-02	-3.057359025814493370e-02
-2.902204104998377110e-01	9.297766728992609697e-02	4.401623259910954905e-02
-1.651470643521682768e-01	2.613126339602807047e-01	-1.449523353799714864e-01
5.273315687385340955e-02	3.437135241441803268e-01	-1.259687966570079143e-01
2.637822500550593419e-01	-1.742627829237402420e-02	5.082613006777789155e-02
-3.023765288472688439e-01	1.601409798764953096e-01	7.897218742928402424e-02
-8.273429539409160594e-02	-1.550629362859663463e-01	2.088060404386600233e-01
-2.450267802634922831e-01	1.904831449368376561e-01	-9.517487888091906434e-02
-2.523142654165750343e-01	3.799177804257082847e-01	-4.647173376964359309e-02
7.846417430580249208e-02	8.413832887777773772e-02	-2.432301870270787980e-01
-8.290678638990807425e-03	3.575841650195093480e-01	-1.367753753868097832e-01
2.318496235165834751e-01	-2.217176570007438063e-01	6.652395330760796366e-02
2.757772024873157007e-02	-1.489890040271466265e-01	2.269729458872892514e-01
6.735652451365270466e-02	-2.213617926345960996e-01	1.941442879435983648e-01
-1.316871511689902685e-01	-2.622116578583594815e-01	1.105543985340151775e-01
2.105021061300565641e-02	-2.687775637286312636e-01	1.645173561415255725e-01
1.738431844447511920e-01	-1.840530923100088256e-01	1.604827226569102983e-01
1.763082091671806517e-01	-2.720896738230962342e-01	9.814109009459540123e-02
-3.842674999491854648e-03	1.189550415788617199e-01	-2.380618937324374684e-01
2.154833124385948651e-01	-4.145813467441138156e-02	-2.130791194741396000e-01
1.259654637616234862e-01	-3.300133961120199633e-01	9.974312524751674514e-02
-3.509993530157339003e-02	-3.182680134210838507e-01	1.137052011702429505e-01
2.826558264887657490e-01	-4.929397291050491986e-02	-6.475913341673754375e-02
-1.289543642382320332e-01	-5.929766169273316401e-02	2.279441867073030148e-01
2.695558131224163878e-01	-1.846779487432345934e-01	-6.032111926613059442e-03
2.407866313739680797e-01	-2.628869177736922746e-01	2.451091486340791978e-02
-2.663922951379448234e-01	1.520529035267543377e-02	8.958788187922261947e-02
-2.599510581657448194e-01	1.242185263414656571e-01	2.095780974232971938e-01
-2.281340368570015376e-01	-1.686979622957036559e-02	1.585983322089639658e-01
-1.482501472705751930e-02	2.113548325234920477e-01	-2.008598179155544339e-01
-1.926350673518842094e-01	3.043736107405018432e-01	-1.134385102065345180e-01
2.238681038492716102e-01	-1.472904175702632601e-01	-2.240463402620872790e-01
4.829077935592261672e-02	2.825631405121747930e-01	-1.590864337965894326e-01
4.657414989094722790e-02	-2.956493067283665899e-01	1.408562700205390761e-01
-2.773184680157005921e-01	1.057364674666994436e-01	-3.214077292234654437e-02
1.039042446040101819e-01	-1.977563024008253678e-01	1.934386660561287496e-01
1.338945577821119559e-01	-1.166096519418291649e-01	2.053707872156333436e-01
2.394226628143715785e-01	9.374102491388822123e-02	-6.253232123849558621e-02
9.068482134602928735e-02	-2.843661644416963785e-01	1.395898276771829205e-01
2.100699337034175052e-01	-3.286756771126176369e-01	4.129182866960751791e-02
-7.058736949664587423e-02	-2.590773882359452829e-01	1.556002824674296015e-01
2.722775542736265431e-01	-2.415119557181378551e-01	-5.009703913183578827e-02
1.408319508244650631e-01	2.599656930475050531e-01	-1.130667175151171128e-01
-1.852354601596641337e-01	4.060753928800416301e-01	-8.869665452510688830e-02
2.829319590878119905e-01	-1.324482728115805308e-01	-3.928336458889156169e-02
1.851674240755385177e-04	-1.167622215740509173e-01	2.382347832349449301e-01
1.900617956054891644e-01	1.097143875627106802e-01	-1.484049589645528022e-01
-2.065586529818474737e-01	2.123641235437268293e-01	-1.309351344169426001e-01
1.876356503431412526e-01	1.725813067117658861e-01	-1.102753327484717466e-01
1.818682080476331231e-01	7.496224381869129316e-02	-1.827276906178860461e-01
1.061269309741538353e-01	9.011077714150177512e-03	-2.743749980145330225e-01
-1.017875184435072244e-01	4.217927053846993179e-01	-1.119891267562505427e-01
7.699902029569047346e-02	1.683737764361606659e-01	-2.003471861575570057e-01
-1.781523743108821001e-01	-1.062534713682318221e-01	1.665219611350976237e-01
-1.038592512613915608e-01	2.166571356787697911e-01	-1.871275835687332967e-01
1.115244670745952071e-01	-2.452239591739677205e-01	1.602886280989885281e-01
-2.000344678145155874e-01	-1.271367908512456291e-01	1.305434935522981066e-01
2.601576106316377812e-01	1.160374474346226314e-02	-9.618292208619334815e-02
2.522806106035476725e-01	-3.279311536011868533e-01	-1.672920672443090409e-02
-2.737296891585582759e-01	3.888907990312382573e-02	-2.179803093960571217e-02
2.635537258740025535e-01	-4.086519362692500046e-01	-2.669060139813739935e-02
-2.202503582198290788e-01	-1.349876099417549602e-01	9.030811587914236438e-02
2.247623761982912582e-01	-9.147807023193378628e-02	1.354731130140199580e-01
-1.480455723873431717e-01	4.189015680766270400e-01	-1.002291823369352297e-01
9.710042623162895570e-02	-3.584765911138220740e-01	9.550202962127475603e-02
-3.427167533573977076e-02	3.156509300033749077e-01	-1.576116254573455000e-01
-7.404416081731517163e-02	3.810093302368693369e-01	-1.287188213073524046e-01
-2.378997218307670192e-01	2.707888821084915021e-01	-8.296035546668761862e-02
1.542483896065499072e-01	-5.905885618150363836e-03	-2.547000143144713125e-01
2.971710799588959256e-02	-2.350120490868608802e-01	1.891044714910998237e-01
-7.107536215208043462e-02	1.542943996216707414e-01	-2.159996047368035466e-01
-2.924009982968802102e-01	1.038206399470793240e-01	9.156160618974611143e-02
2.766492984901151031e-01	-8.466498110317437209e-02	-1.058565010761537833e-01
2.743663394544287870e-01	-2.118664620785218333e-01	-1.328685713491886411e-01
-1.555548236795328554e-01	1.072228541400619267e-01	-1.930749015924704548e-01
-2.111971150267945574e-01	1.315135436764549581e-01	-1.405818296034271608e-01
-2.906849919195823584e-01	1.202454636771858598e-01	5.059666040761470578e-03
-1.735353225934116728e-01	-1.849585398880250198e-01	1.302311395204738265e-01
1.236089405520694046e-01	2.370699634890736651e-01	-1.415109263606169621e-01
2.722033471733960597e-01	-3.266965135222442140e-01	-6.190516799302853146e-02
-2.872378859068322465e-01	3.360004435889328289e-01	-6.976998094768041385e-03
2.564803927027887731e-01	-3.072259179675848606e-02	-1.469167730295604379e-01
-3.039962551362176968e-01	2.026287655378812280e-01	1.534325949610443052e-01
-2.476296303245089092e-01	-6.198526013513575711e-02	7.900432525372622083e-02
2.404021188536138165e-01	4.627092690500439476e-02	-1.146688878074308554e-01
-3.058497993863098507e-01	1.911775100716221476e-01	5.546142000154082735e-02
-2.770761843050232875e-01	1.086672054766665146e-01	1.630780308936107537e-01
-5.080168250339067021e-02	-2.357798361185909075e-01	1.797247781858954119e-01
2.594081515730097820e-01	-6.125881707073631277e-02	7.868405125688489321e-02
-8.285595165266260165e-02	2.528881213332735411e-01	-1.812150906932782635e-01
-1.789786893754065078e-01	1.969985697015655124e-01	-1.560444427549615154e-01
3.977645799286025352e-02	1.049050249008849495e-01	-2.426775240380097676e-01
1.900635554400981475e-01	4.096457226808642577e-02	-1.982844760062087708e-01
-2.411395321746681863e-01	1.429118447644415757e-01	-1.054594061010041273e-01
-1.431746259542839572e-01	-2.309130657998955394e-01	1.315890591314038405e-01
1.599840886136095208e-01	-3.059488047043509296e-01	9.193817006186741358e-02
2.671464913257787788e-01	-9.510462947630655972e-02	6.351175848936849166e-02
-2.449634991539302031e-01	2.290225172146079513e-01	-8.626373900037330456e-02
-3.183549353765041667e-01	3.243808593106158877e-01	5.860427043301112693e-02
2.652271442572807225e-01	-6.656239122937712693e-02	-1.419034290532397991e-01
2.600855586736443570e-01	-1.560299893671572014e-01	-1.585701022349005340e-01
8.325650608823821630e-02	-1.254397017989561380e-01	2.236053394074593581e-01
2.538077762587228614e-01	-2.155802624434176862e-01	2.161687147278038360e-02
-2.146461896506370037e-01	-7.143334599433988352e-02	1.424461996804000929e-01
2.797684199344134259e-01	-2.696353899894521344e-01	-9.402523134027811202e-02
7.719086934021561486e-02	4.936172217115509381e-02	-2.619592880881624342e-01
1.809904741990517318e-01	-7.352779063936883130e-02	-2.532413667002438862e-01
1.877077117715823529e-01	-1.223246222731271815e-01	1.676577369676252038e-01
1.994978725411611920e-01	-2.981933858238111079e-01	6.463705083891335690e-02
-1.787548325473800326e-01	3.394504917279299039e-01	-1.105261340374309176e-01
1.780230324713513168e-01	-2.130158540525180777e-01	1.393564885555155508e-01
1.124369606775078856e-01	8.186734994068639581e-02	-2.313874775535120498e-01
-2.820734236407761997e-01	2.291450636010748387e-01	-2.632346515604908760e-02
-2.919132361878893911e-01	1.967632060381619419e-01	1.992247867865031830e-01
-2.549844141569300171e-01	-1.795062571206015173e-02	9.762046329411985801e-02
2.414795596533541033e-01	-1.836222946114999255e-01	7.676291557157030598e-02
-2.264863129872612124e-01	3.801819785807541430e-01	-7.110657672986604727e-02
4.713085688731922379e-02	2.504307899809447568e-01	-1.742622271705459303e-01
-2.317916263809200184e-01	7.288834668392653315e-02	2.195901644036221123e-01
-9.015616830525872982e-02	-8.030060844156086675e-02	2.367170972193098077e-01
-3.048701939646660253e-01	2.752288598663575891e-01	2.964634510921628635e-02
2.720192645800899589e-01	-1.494553510593465140e-01	2.310535262902423809e-02
2.361251992079747286e-01	-4.150951037855248396e-03	-1.696266893146683996e-01
-2.250013668986419468e-01	4.437997788855430614e-01	-4.660245365334769740e-02
-2.981405441932827305e-01	1.674510499275468356e-01	1.391475688637674457e-01
2.650040689599754140e-01	-1.919555234004254318e-01	-1.603355991974562134e-01
1.573247939634919712e-02	1.944017185278829329e-01	-2.060372274350882327e-01
2.731357342395875354e-01	-1.276905017393300257e-01	-1.164097718347212318e-01
-1.447039359091402411e-01	1.882034905932602475e-01	-1.788473199443725847e-01
-2.786388463524874237e-01	4.237036815888579611e-01	1.012841666568824184e-02
4.743019998875089294e-02	1.339527566152784455e-01	-2.248747910691459573e-01
2.823027153121906441e-01	-8.075597635101007532e-02	8.784976671805957982e-03
5.660515049136759930e-02	-3.577233645664306128e-01	1.014877584018997608e-01
-5.596896614785243189e-03	-1.942436329683506213e-01	2.113608922751163688e-01
2.588800788941311160e-01	-2.939293202697972895e-01	-1.922303418053522214e-02
-1.321641529142374150e-01	-1.206698700227555460e-01	1.970112570244075267e-01
2.686659206691502932e-01	1.461928417515082068e-02	-2.434476992226087058e-02
-9.973437189935366320e-02	3.030763860929491793e-01	-1.562660290871188407e-01
1.874085930838655933e-01	1.388009474215032291e-01	-1.304880034645526377e-01
1.347310266057120780e-02	2.746418460639822867e-01	-1.723741769747419994e-01
1.161032622340127524e-01	-1.548901610095896331e-01	2.056851228991389557e-01
2.330881355243954456e-01	-7.529597398679792331e-02	-1.995399397501130545e-01
-1.417559740943766244e-02	8.927481361842125318e-02	-2.515029545715927184e-01
-1.938125316980052748e-01	-2.043923894238305339e-01	9.171580261573282489e-02
-3.043727007647430982e-01	3.627434620209439298e-01	2.126743378121400893e-02
3.859722755596325938e-02	-3.318115762732973262e-01	1.159454686704189524e-01
2.184062782599517083e-01	2.647799964936926181e-02	-1.765871274689668757e-01
-1.556269632605146447e-01	-3.152311432924897322e-02	2.268255159624314177e-01
-2.794579408611765348e-01	3.738950887347989860e-01	-1.875750091365417302e-02
2.815447486311132286e-01	-3.085969073657497397e-01	-1.004000780901714296e-01
-1.659451016944978041e-01	3.727573774758334846e-01	-1.089189950808335805e-01
2.073475538730037981e-01	-3.676471078150456151e-01	2.983903248447405607e-02
-4.996893746123666491e-02	-1.394384951304100118e-01	2.239733880527318699e-01
-1.023748501797224902e-01	-5.074060892513881926e-02	2.467996800538592161e-01
2.226274947925415970e-01	-1.582914016809452706e-01	1.222584425693945820e-01
-1.733942292153347331e-01	-5.539167297554756925e-02	1.998396342627490052e-01
-3.784798343393334930e-02	1.889004219548962304e-01	-2.089058801764817064e-01
-1.343336977861107895e-01	3.478386376115621959e-01	-1.281486425029141063e-01
-1.054116054493207666e-01	3.702553200607993089e-01	-1.286008816231133112e-01
-3.141619629275842485e-01	2.289036705595066945e-01	1.366363922930380892e-01
2.791804154699525364e-01	-1.528371656992612848e-01	-6.576703881088007131e-02
7.660522732207400431e-02	2.117344257277029018e-01	-1.814518058406746903e-01
-2.844180518136380509e-01	1.015288241551113024e-01	1.260231035444577818e-01
-5.075243242776478203e-02	-1.711779485168256065e-01	2.114593767577815087e-01
-2.980496003562035923e-01	4.070467644091065318e-01	3.877290179327853165e-02
-2.803732673228876426e-01	4.958954500914544011e-02	2.600200250910928920e-02
-3.320736973520765911e-01	3.221142389812265416e-01	1.315943916652527468e-01
-3.553464984126250559e-02	-7.046959274296589470e-02	2.550314609541586286e-01
-9.509695907660396796e-02	1.724647468608783152e-01	-2.034095383295660142e-01
-2.580344025842530864e-01	8.738215161649884322e-02	-7.922085718656052267e-02
1.830970853762334816e-01	-2.435639783899417876e-01	1.135300236694541665e-01
-2.634993700923923265e-01	-4.331420251150225331e-02	1.965142185525717202e-03
-3.206797280639376857e-01	2.680979831419755821e-01	1.664404795191421205e-01
-2.721840513460723754e-01	5.392508992176946875e-02	1.202877781669628166e-01
-2.669767169731510070e-01	1.622274677133380416e-01	-6.234721940292690945e-02
1.655413573287194962e-01	1.866642520320968279e-01	-1.273449330767192633e-01
1.472213856511702668e-01	-1.860813124103072591e-01	1.773909097861163242e-01
2.606481013581038453e-01	2.604697222622616437e-02	-6.672279339744578708e-02
2.794188047399048247e-01	-2.851322213808933984e-02	-4.218096910664035498e-02
1.804088254188219720e-01	-1.546765929270404738e-01	1.676297865634553963e-01
1.401979112487120871e-01	3.021282161273820127e-02	-2.458548850577363942e-01
-9.009262353226259526e-03	-3.343495727876978352e-01	1.085591551486895789e-01
2.756093838013455866e-01	-1.121203863303665144e-01	3.192407684329046785e-02
-2.097055952923594924e-01	-1.829183663947576630e-02	1.832553185705687870e-01
1.598521728032765432e-01	6.970367145839258260e-02	-2.092949935793100291e-01
2.855427419752730733e-01	-7.914127397952591680e-02	-5.410708830480369380e-02
2.751061355364680105e-01	-2.106013478016835749e-01	-6.051884162672949152e-02
-3.571849881000067201e-02	3.993237402880694398e-01	-1.221578220759593075e-01
1.130456499913840840e-01	1.153799772908389587e-01	-2.104913297363988633e-01
-1.629416954347043811e-01	2.548852175133029929e-03	2.425330691140960282e-01
1.854513788351705439e-01	-7.706938684905297390e-03	-2.336641429673995962e-01
-2.724260522840943888e-01	1.734967416919509786e-02	4.926708668215468330e-03
-1.594534117723271768e-03	-2.914587348192395622e-01	1.456071597334869516e-01
1.784834664353199818e-01	-3.732881118652016661e-01	5.062245693956368697e-02
2.339588650057088104e-02	-9.153642514440654687e-02	2.473123407345897140e-01
-3.285658497161630942e-01	3.440671403737204370e-01	9.144861281423570520e-02
-1.738325227527912353e-01	1.320686661271368578e-01	-1.755793292078603185e-01
4.980704699577979955e-02	3.174921608663543449e-01	-1.410659146493739857e-01
1.513135801665188851e-01	1.217168909375043323e-01	-1.819227075906025282e-01
2.852462161558921849e-01	-1.032685064047734330e-01	-3.297803670292862727e-02
-2.446302870265722185e-01	3.448946549534804284e-01	-5.975285824279793351e-02
1.997400693270053040e-01	-1.907793600735625539e-01	1.320595392002562873e-01
1.322831967214730398e-01	1.838268576442651236e-01	-1.614775175176895172e-01
2.202783152707079584e-01	-2.861085987132561126e-01	4.636674484854038519e-02
6.833892006202497982e-02	-1.894342099716599392e-01	2.084819663239372289e-01
-2.187734424828327029e-01	3.634200980240157031e-02	2.122250541604071283e-01
-1.925560361701891543e-01	7.306369392414711894e-02	2.621902959791419518e-01
-1.908513891626865133e-01	-1.554806828539013752e-01	1.269976281130305862e-01
-1.933767264364091854e-01	2.747500386817164353e-01	-1.227111947149312071e-01
2.626112787549220728e-01	3.638668766173694391e-02	-2.750702230142839516e-03
-2.505387218930432702e-01	1.450058042298223993e-01	2.400982569208859052e-01
-2.776140465378399425e-01	1.332773125270715342e-01	1.801644815793691234e-01
-1.990250715836778816e-01	-1.014990158589613861e-01	1.454042629078727278e-01
-1.432796230253993164e-01	2.878918344696477227e-01	-1.485279605961046800e-01
8.893212815131333604e-02	-3.862949012263320325e-01	8.407260125939057527e-02
2.795430708304330603e-01	-4.208148536152561681e-02	-1.126897301360334919e-02
-2.431466007253623995e-01	-9.271204078631556031e-03	1.332296326747824666e-01
-8.185584339229164119e-02	-2.278089844141312492e-01	1.748985056383055292e-01
-2.162323017344744136e-01	2.896346620986852693e-01	-1.005388800326810911e-01
-2.754139676135550219e-01	3.047207008441808473e-01	-2.840168050582804818e-02
-3.002063658858614148e-01	1.926548185290669346e-01	2.662232894409550382e-02
2.167271910530200463e-01	-4.062640922404548993e-01	1.036347394103601452e-02
1.323525010549597147e-01	-3.668712809498832494e-01	7.964084286270116386e-02
-2.460899252055832598e-01	4.566184773408581143e-02	1.776107592599723561e-01
1.072584165862871669e-01	-3.022530177052212275e-01	1.200656098622532031e-01
2.681343304207810530e-01	-1.653541541229172629e-02	-1.003392348762388447e-01
1.746179869799169282e-01	-4.210660154100013264e-01	3.627125195984512440e-02
2.672121695062243396e-01	2.500197026616681525e-03	2.968609982670266170e-02
-2.981151395408401239e-01	1.334809206565905904e-01	6.869282437007798170e-02
-1.610048405029369523e-01	4.512736762122459000e-01	-8.334534495784219621e-02
2.658757132968396775e-01	-2.577751466854360518e-01	-2.711180015426480766e-02
-1.304950104547364931e-01	1.091184465756643296e-01	-2.079055645299516530e-01
-2.923218806346845611e-01	1.724768039280167031e-01	2.872457855003921097e-03
1.017669942105234593e-01	2.207764819175528914e-01	-1.624108014870390415e-01
2.261389681737003277e-01	7.653080927564412383e-02	-1.155550678017723265e-01
1.278385442616513934e-01	2.104526113039164592e-01	-1.514762024442029842e-01
-7.267618399874680238e-03	3.902314452375398313e-01	-1.208770853374379478e-01
2.766644237785592653e-01	-1.584910527663995761e-01	-9.377534356665696846e-02
1.345603374051400902e-01	5.571067076529922363e-02	-2.337653171711248368e-01
7.480077521339686952e-02	2.828576959014710845e-01	-1.478920379012541864e-01
-1.566992844956520414e-02	2.535968478828043993e-01	-1.854697614255105265e-01
2.748429166677709978e-01	-3.472572950138667208e-02	2.188216379786383711e-02
2.781573475808585272e-02	3.572517275051720897e-01	-1.267537511003196948e-01
-1.386109373471806072e-01	1.628717668060129364e-03	2.571069248732278933e-01
8.917901570895610253e-02	-2.319143861692699038e-01	1.792097959033883414e-01
-9.203614183507552449e-02	-2.660422391333527870e-01	1.360623572239186840e-01
-3.137107577675276593e-01	2.302913691190441869e-01	1.080440968908943367e-01
1.985168039618889491e-01	-2.530292080526354570e-01	8.846432511688302747e-02
1.641560250964496370e-01	-1.317712339042782510e-01	1.841126391403019313e-01
2.503647858487140221e-01	7.148983537223303764e-02	-4.199628552360474415e-02
-1.227208626275555492e-01	1.764964387928305567e-01	-1.937809991976527091e-01
-3.127684714573545910e-01	2.369062338772553733e-01	6.727681624398364202e-02
-2.262635685104673333e-01	2.015538853650408468e-01	-1.134524164152570236e-01
2.256512464569995768e-01	3.898587121666882704e-02	-1.523236471722566876e-01
-2.673760498418381593e-01	-1.520163829900723039e-02	3.496544083156721827e-02
5.777589878973094645e-02	-1.365324300417168624e-01	2.278385876543626565e-01
-2.982892959163483959e-01	2.353420115858065598e-01	1.518842226291304727e-02
-1.507520708292380274e-01	-1.552508327160095347e-01	1.684315633448090210e-01
-2.395614116001574256e-01	-1.080921105060664855e-01	6.663924413880259467e-02
-2.593008444864646211e-01	3.945715073811557894e-02	-6.815573343911308923e-02
1.759675042909579490e-01	1.002481194423674726e-01	-1.708608905284607071e-01
-3.100963896127325592e-01	3.966758155088568327e-01	6.195073937767003880e-02
1.702849438305075180e-01	1.263511449417680510e-01	-1.590104436660493281e-01
-2.585696356970643150e-01	4.352874344557862429e-02	1.493874142593513699e-01
2.672949312426787238e-01	-2.107617318338750323e-01	-2.302286522837110327e-02
-3.275737241943018074e-01	2.966255504202806592e-01	1.210641190264380301e-01
4.992504740906012622e-02	1.586135672297465937e-01	-2.120743830770231708e-01
-2.762107364976207347e-01	4.026906140717268490e-01	-1.317542105822456025e-02
-1.278512016952284558e-01	3.133577315179428835e-01	-1.435376035572422937e-01
2.749168978244592165e-01	-1.997540833180163899e-01	-8.606367006722465129e-02
2.064155835955503726e-01	5.337013959330318830e-02	-1.709206477979530181e-01
-5.776670540155681016e-02	-2.889870369090154489e-01	1.326666761482144241e-01
-2.901442800627674901e-01	1.432796901861502215e-01	1.498659567675733051e-01
-1.264579925066732780e-01	-1.875497138703950684e-01	1.704355598943194661e-01
-2.957477266187612530e-01	1.237787222616982402e-01	4.247567687275531634e-02
2.384030147182725767e-01	-1.477583526825491100e-01	-2.003416655163675064e-01
1.011994603106344121e-01	1.570221338253482424e-01	-1.934674113116761351e-01
2.413829484055161345e-01	-1.181748049806887746e-01	1.080884412656312049e-01
2.587440993103360953e-01	-1.288648088413090476e-01	-1.609640428629696696e-01
2.151576167308759113e-01	-6.978415267645632358e-02	-2.195682350746985256e-01
-2.398423278636418188e-01	4.209501260185943838e-01	-4.683025573925892610e-02
-7.377084710120911104e-02	-3.081460464282963496e-01	1.041927690681643398e-01
-2.607822377061849717e-01	1.874667728572854408e-01	-6.950536791272268755e-02
7.748083585090206893e-02	3.082523237221538315e-01	-1.315544029296853989e-01
-2.614740493582973779e-01	3.552356143386615206e-01	-4.132931496099070956e-02
-1.128274493080620305e-01	-1.396248069766682087e-01	2.002393739806637152e-01
-2.588448405690936815e-01	2.388358148589994623e-01	-6.551017156331968849e-02
2.834107342861860723e-01	-7.839380910627702370e-02	-8.110516173584868260e-02
-1.936960160722825397e-01	1.441251973036959400e-01	-1.562059464707034606e-01
2.671704534731714209e-01	-3.098735411513395821e-01	-4.196577230694591848e-02
2.043657685384100697e-01	1.248027909983321498e-01	-1.154326279877338907e-01
2.861899420495388896e-02	-3.530390604191117054e-01	1.041883713677414364e-01
1.369411592885901863e-01	8.073024124436216364e-02	-2.171433889329825728e-01
-6.012759871172276838e-02	2.670507363578551452e-01	-1.788789011324569134e-01
3.021965080692697384e-02	-1.241734138669197407e-01	2.355432454457745128e-01
-3.145599669534338005e-01	3.425917773692505608e-01	4.008382784574995861e-02
3.951996913554883806e-03	2.972837571457150885e-01	-1.636017601662686227e-01
2.396249015389169401e-01	7.714395609929942943e-02	-8.562984525782184331e-02
-3.658201663688124411e-02	3.658732237788727137e-01	-1.356939852429123183e-01
-1.808321615903461105e-02	-9.217912627661635494e-02	2.472005523874092892e-01
2.169376684196380745e-01	-2.213918703283813960e-01	8.783857276244884382e-02
-2.876546265837484628e-01	7.369340972699940651e-02	6.568686090509313902e-02
-1.095300622538110391e-01	1.396718690533295393e-01	-2.095329581083928694e-01
-1.018922294329667119e-02	3.237768099266696842e-01	-1.538376966941011337e-01
1.082072836311639974e-01	-2.665144498068874879e-01	1.465142328717538023e-01
1.397094477881811736e-01	-2.644755089684994176e-01	1.324871953017755788e-01
-2.730467911010122650e-01	7.675258842267415615e-02	-3.662597952943540125e-02
-1.007333079411394938e-01	-1.669740094062622804e-01	1.955767832540830642e-01
1.000334606865539711e-02	-1.665622343570129227e-01	2.212196353972321894e-01
2.737567224101313812e-01	-1.846751273823402095e-01	-1.105529099285005173e-01
8.522936800884207964e-02	-1.010757440665806806e-01	2.303413746361754055e-01
-7.063375631390828024e-02	1.139472465173315269e-01	-2.306163702342483024e-01
1.750790278162730196e-01	2.011978123274113517e-01	-1.089131484064717742e-01
2.254632592347247666e-01	-1.923995708779739355e-01	9.825865688785449803e-02
6.435901362479594379e-02	-2.805955023910180479e-01	1.511317786921384243e-01
-2.766172152630870240e-01	2.532421266768473123e-01	-3.213747311761584735e-02
1.454744964652134043e-01	-3.400466206237756084e-01	8.714829973958597431e-02
1.309878668521051448e-01	-1.726911523637771340e-01	1.932234548585520240e-01
-1.507023027726014375e-01	-5.774467684235230075e-02	2.154403970059676487e-01
2.305446846046805554e-01	-1.886485495111527022e-02	-1.889838085551448776e-01
2.635902123344091574e-01	-1.912564863728641595e-01	1.756074884973300720e-02
2.028768475500783708e-01	1.498139480463770434e-01	-9.852307605624116560e-02
-4.684238421318346474e-02	1.293466474185975268e-01	-2.309938138582323663e-01
-2.651170717955845801e-01	8.610573204028434957e-02	1.709809508393936583e-01
2.538427098971363094e-01	-1.639163751094082355e-01	6.434974000451890164e-02
-2.435842966431277512e-01	3.058912447763794118e-01	-6.802607160831729283e-02
6.675332088939839835e-03	-2.242533991167422192e-01	1.969119552849891985e-01
-2.713004802116328329e-01	1.542378040075276791e-01	2.083379460366949765e-01
-2.491432770706639432e-01	1.025751701155246248e-01	2.158112347116963592e-01
-7.018598654299502970e-02	-1.828627355094568918e-01	2.011444483294154706e-01
-2.456988632354044910e-01	4.439661063555820353e-01	-1.826963637619445635e-02
-1.917547663069229247e-01	-2.650968006102246213e-02	1.981650392980578157e-01
2.453252500629937993e-01	-2.823829550946810318e-01	1.031384770391875934e-02
-2.922774201443408271e-01	1.447379951481494176e-01	6.099426509064850843e-03
2.176511284412254721e-01	1.220270224461972308e-01	-9.026571367549038327e-02
2.662124360143972579e-01	-1.357470085034161722e-01	-1.386695788092671411e-01
2.099491727331972979e-01	-4.298431609269263709e-01	2.086357561242889458e-02
-7.232819290742668883e-02	-2.053216849585417780e-01	1.911405764167171117e-01
2.540452228066464868e-01	-1.361601812728821803e-01	8.038246805771542824e-02
2.567724194862290865e-01	-2.682086059175078363e-01	-6.959928460630896915e-03
